00h:57m:42s;6;1;5;5;0;5
01h:57m:35s;0;0;0;0;0;0
02h:57m:44s;0;0;0;0;0;0
03h:57m:37s;0;0;0;0;0;0
04h:57m:38s;0;0;0;0;0;0
05h:57m:43s;0;0;0;0;0;0
06h:57m:40s;11;11;0;10;10;0
07h:57m:43s;18;18;0;13;13;0
08h:57m:44s;72;72;0;23;24;0
09h:57m:49s;193;193;0;88;88;0
10h:57m:40s;292;289;6;154;152;3
11h:57m:41s;373;368;8;214;214;1
12h:57m:43s;422;419;3;246;243;4
13h:57m:43s;439;435;5;246;247;1
14h:57m:43s;449;435;15;279;271;8
15h:57m:44s;461;449;9;295;289;5
16h:57m:41s;453;431;22;274;257;17
17h:57m:44s;305;279;23;148;125;24
18h:57m:43s;150;136;14;55;51;4
19h:57m:43s;81;76;6;32;29;3
20h:57m:42s;55;51;4;24;22;1
21h:57m:43s;40;39;1;17;17;0
22h:57m:43s;36;35;1;13;13;0
23h:57m:40s;30;29;1;7;7;0
