00h:57m:39s;12;12;0;4;4;0
01h:57m:39s;7;6;1;2;2;0
02h:57m:38s;0;0;0;0;0;0
03h:57m:41s;0;0;0;0;0;0
04h:57m:40s;0;0;0;0;0;0
05h:57m:42s;0;0;0;0;0;0
06h:57m:42s;11;11;0;8;8;0
07h:57m:41s;15;10;5;10;5;5
08h:57m:43s;72;67;6;19;17;2
09h:57m:43s;224;225;1;97;98;1
10h:57m:43s;354;350;4;186;184;3
11h:57m:45s;464;457;9;257;255;3
12h:57m:43s;537;520;17;295;291;4
13h:57m:43s;513;490;25;285;261;24
14h:57m:42s;497;488;10;283;281;3
15h:57m:39s;522;512;8;303;296;8
16h:57m:42s;519;489;31;285;262;20
17h:57m:52s;356;320;33;147;124;25
18h:57m:40s;168;150;18;41;36;5
19h:57m:41s;99;94;6;30;29;2
20h:57m:43s;66;66;0;23;23;0
21h:57m:42s;56;51;5;19;17;2
22h:57m:40s;32;28;4;6;5;1
23h:57m:40s;23;23;0;4;4;0
