00h:57m:43s;20;20;0;4;4;0
01h:57m:37s;9;6;3;1;1;0
02h:57m:40s;0;1;0;0;0;0
03h:57m:41s;1;1;0;0;0;0
04h:57m:39s;0;1;0;0;0;0
05h:57m:43s;1;1;0;0;0;0
06h:57m:48s;11;4;7;10;1;9
07h:57m:42s;16;12;4;8;4;4
08h:57m:52s;75;74;2;19;21;0
09h:57m:44s;184;185;1;74;74;2
10h:57m:44s;292;290;6;162;160;3
11h:57m:47s;366;366;5;208;207;2
12h:57m:46s;422;418;5;244;242;2
13h:57m:48s;436;435;5;241;242;0
14h:57m:42s;429;422;10;249;245;4
15h:57m:43s;427;412;14;261;253;8
16h:57m:42s;436;427;8;253;250;8
17h:57m:51s;326;293;32;153;126;26
18h:57m:51s;154;137;17;51;44;7
19h:57m:43s;80;75;6;32;28;4
20h:57m:42s;62;61;1;25;25;0
21h:57m:43s;52;50;2;21;20;1
22h:57m:43s;44;41;3;11;9;2
23h:57m:39s;23;21;2;6;4;2
