00h:57m:42s;23;21;2;2;1;1
01h:57m:40s;11;6;5;1;1;0
02h:57m:39s;0;0;0;0;0;0
03h:57m:37s;0;0;0;0;0;0
04h:57m:37s;0;0;0;0;0;0
05h:57m:42s;0;0;0;0;0;0
06h:57m:40s;7;5;2;7;5;2
07h:57m:42s;18;18;0;14;14;0
08h:57m:42s;36;32;4;16;16;1
09h:57m:38s;114;111;3;91;91;0
10h:57m:37s;182;178;4;157;153;4
11h:57m:35s;215;213;2;193;191;2
12h:57m:40s;232;225;7;211;205;6
13h:57m:42s;227;225;2;208;208;0
14h:57m:41s;230;218;12;219;207;12
15h:57m:42s;228;225;3;220;217;3
16h:57m:38s;224;213;11;215;205;10
17h:57m:42s;124;108;15;115;98;17
18h:57m:42s;57;51;6;46;40;6
19h:57m:41s;33;28;5;27;25;2
20h:57m:42s;26;26;0;24;24;0
21h:57m:41s;23;21;2;22;20;2
22h:57m:42s;16;16;0;15;15;0
23h:57m:38s;13;10;3;13;10;3
