00h:57m:42s;10;10;0;1;1;0
01h:57m:33s;6;6;0;0;0;0
02h:57m:33s;0;0;0;0;0;0
03h:57m:41s;2;2;0;0;0;0
04h:57m:36s;2;2;0;0;0;0
05h:57m:39s;2;2;0;0;0;0
06h:57m:42s;12;12;0;10;10;0
07h:57m:43s;20;18;2;11;9;2
08h:57m:45s;74;73;2;18;17;1
09h:57m:41s;200;198;2;83;81;1
10h:57m:42s;291;289;3;154;155;1
11h:57m:36s;324;320;3;178;175;2
12h:57m:43s;350;349;3;198;194;3
13h:57m:42s;356;351;7;198;192;6
14h:57m:42s;345;338;8;196;192;4
15h:57m:44s;361;352;11;209;199;9
16h:57m:38s;334;313;18;190;172;18
17h:57m:42s;227;211;18;88;72;16
18h:57m:43s;130;120;10;22;17;5
19h:57m:43s;75;71;3;11;11;0
20h:57m:43s;45;45;0;8;8;0
21h:57m:42s;31;30;1;7;7;0
22h:57m:43s;25;25;0;4;4;0
23h:57m:40s;19;19;0;3;3;0
