00h:57m:42s;19;16;3;3;3;0
01h:57m:40s;6;6;0;1;1;0
02h:57m:38s;0;0;0;0;0;0
03h:57m:42s;0;0;0;0;0;0
04h:57m:38s;0;0;0;0;0;0
05h:57m:42s;0;0;0;0;0;0
06h:57m:39s;9;9;0;9;9;0
07h:57m:40s;16;16;0;12;12;0
08h:57m:40s;84;84;0;24;24;0
09h:57m:40s;235;231;6;116;117;1
10h:57m:39s;361;358;3;212;212;1
11h:57m:38s;423;422;1;258;257;1
12h:57m:40s;467;454;14;280;270;11
13h:57m:45s;469;462;7;272;266;6
14h:57m:40s;496;487;4;298;293;5
15h:57m:43s;529;523;9;337;331;6
16h:57m:40s;492;464;29;311;282;28
17h:57m:42s;332;293;37;159;129;28
18h:57m:48s;171;152;17;36;33;2
19h:57m:39s;94;88;6;20;18;2
20h:57m:42s;72;63;9;16;14;2
21h:57m:38s;53;51;2;14;13;1
22h:57m:42s;39;39;1;9;8;1
23h:57m:38s;27;25;2;5;4;1
