00h:57m:45s;3;3;0;0;0;0
01h:57m:32s;2;2;0;0;0;0
02h:57m:38s;0;0;0;0;0;0
03h:57m:38s;0;0;0;0;0;0
04h:57m:39s;0;0;0;0;0;0
05h:57m:41s;0;0;0;0;0;0
06h:57m:43s;7;7;0;7;7;0
07h:57m:44s;10;8;2;9;7;2
08h:57m:40s;37;37;0;8;8;0
09h:57m:40s;65;61;3;15;12;3
10h:57m:39s;94;94;0;39;39;0
11h:57m:39s;112;111;1;44;44;0
12h:57m:42s;120;120;0;42;42;0
13h:57m:42s;124;122;2;44;43;1
14h:57m:43s;108;106;2;36;35;1
15h:57m:41s;112;110;1;41;41;0
16h:57m:41s;114;108;5;36;32;4
17h:57m:42s;97;94;2;26;25;1
18h:57m:43s;56;53;3;6;6;0
19h:57m:39s;44;42;2;9;9;0
20h:57m:43s;43;42;1;10;9;1
21h:57m:33s;26;25;1;9;9;1
22h:57m:42s;15;15;0;2;2;0
23h:57m:40s;10;10;0;1;1;0
