00h:57m:40s;3;3;0;0;0;0
01h:57m:36s;2;2;0;0;0;0
02h:57m:37s;0;0;0;0;0;0
03h:57m:37s;1;1;0;0;0;0
04h:57m:35s;0;0;0;0;0;0
05h:57m:42s;1;1;0;0;0;0
06h:57m:39s;11;10;1;11;10;1
07h:57m:43s;14;14;0;13;13;0
08h:57m:39s;73;73;1;20;20;0
09h:57m:44s;181;179;2;78;80;0
10h:57m:40s;257;253;4;129;129;0
11h:57m:35s;318;316;2;178;177;1
12h:57m:41s;372;373;0;209;207;1
13h:57m:42s;388;382;7;207;203;4
14h:57m:39s;381;373;8;222;220;3
15h:57m:41s;408;401;7;243;239;3
16h:57m:40s;430;415;14;244;229;14
17h:57m:38s;311;292;22;141;123;19
18h:57m:36s;176;170;6;49;46;3
19h:57m:37s;114;105;9;24;23;1
20h:57m:36s;59;58;2;20;20;0
21h:57m:40s;52;52;0;20;20;0
22h:57m:36s;44;42;3;11;10;1
23h:57m:39s;32;31;1;4;4;0
