00h:57m:40s;7;7;0;7;7;0
01h:57m:36s;2;2;0;2;2;0
02h:57m:38s;0;0;0;0;0;0
03h:57m:39s;0;0;0;0;0;0
04h:57m:40s;0;0;0;0;0;0
05h:57m:42s;0;0;0;0;0;0
06h:57m:39s;9;9;0;9;9;0
07h:57m:42s;20;19;1;13;12;1
08h:57m:44s;74;75;0;18;18;0
09h:57m:39s;195;195;2;80;78;2
10h:57m:42s;295;291;6;157;152;5
11h:57m:42s;348;346;2;187;188;2
12h:57m:40s;380;373;8;204;198;6
13h:57m:44s;368;362;3;191;190;1
14h:57m:40s;335;325;12;206;204;1
15h:57m:40s;264;259;7;205;200;5
16h:57m:38s;221;204;18;178;160;18
17h:57m:41s;111;99;11;73;63;10
18h:57m:42s;59;50;9;31;23;8
19h:57m:43s;39;32;6;16;15;1
20h:57m:41s;16;16;0;11;11;0
21h:57m:41s;13;13;0;8;8;0
22h:57m:42s;8;5;3;3;2;1
23h:57m:37s;13;13;0;10;10;0
