00h:57m:36s;11;11;0;5;5;0
01h:57m:36s;9;9;0;5;5;0
02h:57m:34s;0;0;0;0;0;0
03h:57m:39s;0;0;0;0;0;0
04h:57m:38s;0;0;0;0;0;0
05h:57m:41s;0;0;0;0;0;0
06h:57m:36s;7;7;0;7;7;0
07h:57m:43s;12;12;0;10;10;0
08h:57m:42s;72;71;1;31;31;0
09h:57m:40s;148;142;6;72;69;3
10h:57m:44s;231;226;5;125;125;2
11h:57m:42s;283;275;8;170;165;3
12h:57m:45s;313;307;6;188;184;4
13h:57m:44s;330;326;6;193;191;3
14h:57m:43s;346;341;4;207;205;2
15h:57m:46s;339;336;3;212;204;7
16h:57m:44s;297;290;7;171;165;5
17h:57m:44s;243;228;17;106;91;14
18h:57m:40s;135;120;15;45;37;7
19h:57m:40s;83;77;5;34;33;1
20h:57m:36s;68;67;1;29;29;0
21h:57m:40s;55;50;5;25;22;3
22h:57m:47s;40;39;1;14;13;1
23h:57m:36s;33;31;2;8;7;1
