00h:57m:38s;26;26;0;16;16;0
01h:57m:41s;23;23;0;17;17;0
02h:57m:40s;12;13;0;12;13;0
03h:57m:39s;20;20;0;19;19;0
04h:57m:32s;20;20;0;19;19;0
06h:57m:40s;30;30;0;28;28;0
07h:57m:40s;37;29;8;30;22;8
08h:57m:39s;64;62;2;7;7;0
09h:57m:43s;208;205;2;103;101;2
10h:57m:41s;342;334;8;198;196;4
11h:57m:39s;383;379;5;235;230;4
12h:57m:42s;440;436;2;261;258;2
13h:57m:43s;444;440;4;257;253;4
14h:57m:41s;442;438;6;268;266;3
15h:57m:42s;473;458;7;290;285;6
16h:57m:39s;487;471;19;289;268;25
17h:57m:42s;316;276;39;132;103;28
18h:57m:42s;174;158;17;46;40;5
19h:57m:38s;102;94;8;26;22;4
20h:57m:41s;67;65;2;14;13;1
21h:57m:37s;53;50;3;14;12;2
22h:57m:40s;44;39;5;9;7;2
23h:57m:36s;33;32;1;5;4;1
