00h:57m:40s;2;1;1;0;0;0
01h:57m:41s;1;0;1;0;0;0
02h:57m:35s;0;0;0;0;0;0
03h:57m:34s;0;0;0;0;0;0
04h:57m:33s;0;0;0;0;0;0
05h:57m:39s;0;0;0;0;0;0
06h:57m:34s;0;0;0;0;0;0
07h:57m:35s;0;0;0;0;0;0
08h:57m:34s;1;1;0;1;1;0
09h:57m:36s;5;5;0;4;4;0
10h:57m:33s;10;10;0;4;4;0
11h:57m:35s;12;12;0;9;9;0
12h:57m:33s;11;11;0;7;7;0
13h:57m:36s;13;13;0;9;9;0
14h:57m:34s;15;15;0;10;10;0
15h:57m:34s;12;12;0;7;7;0
16h:57m:33s;8;8;0;6;6;0
17h:57m:37s;7;7;0;6;6;0
18h:57m:35s;4;3;1;3;3;0
19h:57m:32s;6;6;0;3;3;0
20h:57m:35s;5;5;0;2;2;0
21h:57m:34s;4;4;0;4;4;0
22h:57m:33s;0;0;0;0;0;0
23h:57m:33s;0;0;0;0;0;0
