00h:57m:44s;15;11;4;4;4;0
01h:57m:37s;6;5;1;3;2;1
02h:57m:36s;0;0;0;0;0;0
03h:57m:37s;0;0;0;0;0;0
04h:57m:37s;0;0;0;0;0;0
05h:57m:42s;0;0;0;0;0;0
06h:57m:42s;10;10;0;9;9;0
07h:57m:42s;17;16;1;11;11;0
08h:57m:42s;88;86;0;27;27;0
09h:57m:38s;214;211;4;105;104;0
10h:57m:37s;302;287;16;192;181;14
11h:57m:40s;373;368;5;236;234;2
12h:57m:46s;445;438;6;268;266;3
13h:57m:45s;459;452;9;278;274;4
14h:57m:42s;459;446;11;287;286;2
15h:57m:42s;479;466;12;301;297;4
16h:57m:42s;521;496;26;323;299;22
17h:57m:42s;385;340;44;195;159;35
18h:57m:44s;205;189;14;64;58;6
19h:57m:42s;114;105;9;37;33;4
20h:57m:42s;85;81;4;31;31;0
21h:57m:42s;61;61;0;24;24;0
22h:57m:42s;47;42;5;12;9;3
23h:57m:42s;29;28;1;4;4;0
