00h:57m:42s;12;12;0;1;1;0
01h:57m:37s;7;7;0;0;0;0
02h:57m:40s;2;0;2;0;0;0
03h:57m:40s;0;0;0;0;0;0
04h:57m:40s;0;0;0;0;0;0
05h:57m:41s;0;0;0;0;0;0
06h:57m:43s;8;9;0;8;8;0
07h:57m:43s;15;12;3;11;5;6
08h:57m:44s;67;67;4;21;18;3
09h:57m:43s;216;217;3;94;92;3
10h:57m:42s;341;340;2;184;182;2
11h:57m:42s;394;392;3;224;222;2
12h:57m:45s;428;420;10;243;240;3
13h:57m:43s;420;407;13;234;225;9
14h:57m:43s;443;432;9;262;260;3
15h:57m:41s;443;430;12;271;262;10
16h:57m:45s;437;422;15;256;246;13
17h:57m:42s;294;272;21;126;110;16
18h:57m:40s;153;143;11;47;43;4
19h:57m:44s;79;76;2;21;20;1
20h:57m:40s;61;59;2;15;13;2
21h:57m:43s;48;43;5;11;7;4
22h:57m:43s;35;33;2;5;5;0
23h:57m:38s;24;24;0;0;0;0
