00h:57m:42s;21;21;0;4;4;0
01h:57m:38s;9;9;0;0;0;0
02h:57m:41s;6;6;0;0;0;0
03h:57m:40s;4;4;0;0;0;0
04h:57m:41s;4;4;0;0;0;0
05h:57m:41s;2;1;1;0;0;0
06h:57m:40s;8;8;0;7;7;0
07h:57m:42s;17;17;2;10;8;2
08h:57m:45s;95;95;0;16;16;0
09h:57m:42s;235;229;1;99;100;0
10h:57m:41s;354;349;5;187;186;1
11h:57m:40s;427;420;9;233;229;4
12h:57m:41s;496;491;6;279;274;4
13h:57m:43s;510;497;11;269;263;5
14h:57m:44s;520;507;13;301;294;8
15h:57m:45s;517;512;4;315;312;3
16h:57m:42s;504;493;13;299;284;17
17h:57m:43s;352;327;29;161;137;25
18h:57m:40s;173;163;12;57;50;6
19h:57m:42s;86;81;5;24;24;0
20h:57m:43s;64;60;4;20;19;1
21h:57m:42s;50;47;3;17;17;0
22h:57m:40s;42;38;4;14;10;4
23h:57m:38s;30;28;2;2;2;0
