00h:57m:42s;16;15;1;15;14;1
01h:57m:35s;3;3;0;2;2;0
02h:57m:38s;0;0;0;0;0;0
03h:57m:37s;0;0;0;0;0;0
04h:57m:32s;0;0;0;0;0;0
05h:57m:41s;0;0;0;0;0;0
06h:57m:39s;0;0;0;0;0;0
07h:57m:42s;0;0;0;0;0;0
08h:57m:42s;2;2;0;1;1;0
09h:57m:36s;4;4;0;2;2;0
10h:57m:36s;4;4;0;2;2;0
11h:57m:43s;5;5;0;2;2;0
12h:57m:43s;3;3;0;2;2;0
13h:57m:47s;4;4;0;3;3;0
14h:57m:45s;4;4;0;3;3;0
15h:57m:46s;4;4;0;2;2;0
16h:57m:45s;5;4;1;2;2;0
17h:57m:47s;5;4;0;3;3;0
18h:57m:42s;3;3;0;1;1;0
19h:57m:42s;4;4;0;2;2;0
20h:57m:43s;3;3;0;2;2;0
21h:57m:38s;3;3;0;2;2;0
22h:57m:42s;2;2;0;2;2;0
23h:57m:48s;2;1;1;1;1;0
