00h:57m:43s;28;28;0;6;6;0
01h:57m:39s;7;7;0;3;3;0
02h:57m:40s;0;0;0;0;0;0
03h:57m:40s;0;0;0;0;0;0
04h:57m:41s;1;1;0;0;0;0
05h:57m:43s;1;1;0;0;0;0
06h:57m:40s;13;12;1;11;10;1
07h:57m:43s;14;14;0;10;10;0
08h:57m:41s;86;85;1;20;20;1
09h:57m:42s;198;192;6;85;83;1
10h:57m:42s;279;276;3;148;148;0
11h:57m:43s;351;348;5;195;195;2
12h:57m:42s;379;375;5;208;204;5
13h:57m:43s;370;356;14;189;183;6
14h:57m:40s;307;283;23;194;190;6
15h:57m:54s;249;243;6;208;204;4
16h:57m:40s;220;204;18;186;166;21
17h:57m:36s;101;90;10;73;65;8
18h:57m:43s;48;46;2;29;27;2
19h:57m:45s;42;39;3;24;21;3
20h:57m:41s;29;26;3;17;16;1
21h:57m:42s;14;12;2;12;10;2
22h:57m:42s;5;4;1;3;2;1
23h:57m:42s;2;2;0;1;1;0
