00h:57m:39s;24;23;1;2;1;1
01h:57m:38s;11;9;2;2;1;1
02h:57m:36s;0;0;0;0;0;0
03h:57m:34s;0;0;0;0;0;0
04h:57m:36s;0;0;0;0;0;0
05h:57m:41s;0;0;0;0;0;0
06h:57m:39s;9;8;1;9;7;2
07h:57m:41s;14;13;2;10;9;1
08h:57m:43s;83;83;0;25;25;0
09h:57m:41s;229;226;3;108;107;1
10h:57m:42s;340;337;3;180;178;2
11h:57m:42s;438;435;3;247;243;5
12h:57m:41s;492;468;23;282;276;6
13h:57m:43s;513;502;9;284;282;4
14h:57m:40s;515;500;12;304;299;4
15h:57m:41s;514;509;6;310;306;5
16h:57m:42s;526;509;18;295;274;23
17h:57m:41s;369;345;22;161;145;15
18h:57m:36s;192;169;22;54;49;5
19h:57m:40s;126;115;11;39;38;1
20h:57m:35s;85;85;0;32;32;0
21h:57m:40s;63;58;5;20;17;3
22h:57m:42s;57;56;1;15;13;2
23h:57m:40s;45;39;6;8;4;4
