00h:57m:43s;0;0;0;0;0;0
01h:57m:37s;0;0;0;0;0;0
02h:57m:38s;0;0;0;0;0;0
03h:57m:41s;0;0;0;0;0;0
04h:57m:34s;0;0;0;0;0;0
05h:57m:44s;0;0;0;0;0;0
06h:57m:37s;11;11;0;10;10;0
07h:57m:42s;20;18;1;15;14;1
08h:57m:43s;78;75;2;27;27;0
09h:57m:42s;147;147;1;58;59;0
10h:57m:42s;291;284;6;175;171;4
11h:57m:41s;367;368;0;234;236;0
12h:57m:43s;424;419;5;268;264;3
13h:57m:44s;441;433;9;274;265;8
14h:57m:42s;463;462;2;298;297;0
15h:57m:44s;494;486;7;322;314;7
16h:57m:41s;475;452;22;307;280;25
17h:57m:44s;342;313;28;182;160;20
18h:57m:44s;158;144;13;51;41;10
19h:57m:43s;84;75;8;22;22;0
20h:57m:42s;65;65;0;20;20;0
21h:57m:42s;40;38;1;15;15;0
22h:57m:43s;31;26;5;11;8;3
23h:57m:42s;27;23;4;5;5;0
