00h:57m:44s;23;20;3;4;4;1
01h:57m:40s;11;10;0;1;1;0
02h:57m:43s;1;1;0;0;0;0
03h:57m:41s;1;1;0;0;0;0
04h:57m:40s;0;0;0;0;0;0
05h:57m:43s;0;0;0;0;0;0
06h:57m:42s;6;6;0;6;6;0
07h:57m:41s;19;19;0;16;16;0
08h:57m:44s;88;88;0;28;28;0
09h:57m:42s;206;201;6;83;78;3
10h:57m:42s;332;314;17;166;153;13
11h:57m:42s;363;357;9;196;191;7
12h:57m:41s;395;391;6;216;211;5
13h:57m:45s;391;377;12;203;198;5
14h:57m:43s;325;306;19;203;202;4
15h:57m:42s;282;278;4;235;233;3
16h:57m:38s;262;243;17;216;200;20
17h:57m:38s;137;0;14;100;88;12
18h:57m:42s;61;53;7;31;30;1
19h:57m:45s;36;32;4;20;19;1
20h:57m:43s;0;25;2;21;19;2
21h:57m:43s;21;21;0;18;18;0
22h:57m:39s;17;15;2;15;13;2
23h:57m:41s;7;7;0;5;5;0
