00h:57m:42s;13;12;1;5;5;0
01h:57m:35s;7;6;2;2;2;0
02h:57m:39s;1;1;0;0;0;0
03h:57m:40s;1;1;0;0;0;0
04h:57m:38s;1;1;0;0;0;0
05h:57m:37s;1;1;0;0;0;0
06h:57m:41s;10;9;1;8;7;1
07h:57m:42s;13;13;0;10;10;0
08h:57m:45s;101;101;0;26;26;0
09h:57m:42s;234;232;2;86;84;2
10h:57m:42s;354;346;5;166;163;2
11h:57m:40s;409;404;6;201;198;3
12h:57m:40s;449;444;5;218;215;3
13h:57m:41s;442;438;6;210;205;5
14h:57m:41s;463;456;6;225;224;2
15h:57m:41s;481;472;8;247;244;3
16h:57m:42s;482;468;15;236;222;15
17h:57m:40s;354;326;30;130;114;16
18h:57m:40s;175;159;17;53;44;7
19h:57m:39s;75;68;7;23;22;1
20h:57m:40s;57;54;3;13;11;2
21h:57m:36s;46;43;3;10;10;0
22h:57m:35s;46;43;3;8;6;2
23h:57m:42s;34;31;3;5;4;1
