00h:57m:32s;12;11;1;8;7;1
01h:57m:33s;11;11;0;7;7;0
02h:57m:39s;10;9;1;7;6;1
03h:57m:37s;1;1;0;0;0;0
04h:57m:39s;0;0;0;0;0;0
05h:57m:40s;0;0;0;0;0;0
06h:57m:38s;0;0;0;0;0;0
07h:57m:38s;1;1;0;1;1;0
08h:57m:40s;3;3;0;2;2;0
09h:57m:39s;9;8;1;7;7;0
10h:57m:35s;10;10;0;7;7;0
11h:57m:38s;8;8;0;5;5;0
12h:57m:34s;10;10;0;5;5;0
13h:57m:40s;8;8;0;5;5;0
14h:57m:40s;10;10;0;5;5;0
15h:57m:38s;13;13;0;7;7;0
16h:57m:38s;13;12;1;6;5;1
17h:57m:36s;15;15;0;5;5;0
18h:57m:38s;17;17;0;7;7;0
19h:57m:36s;21;21;0;8;8;0
20h:57m:40s;20;18;2;9;9;0
21h:57m:42s;19;19;0;10;10;0
22h:57m:41s;17;17;0;10;10;0
23h:57m:33s;20;20;0;11;11;0
