00h:57m:33s;2;0;2;0;0;0
01h:57m:36s;1;1;0;1;1;0
02h:57m:32s;0;0;0;0;0;0
03h:57m:36s;0;0;0;0;0;0
04h:57m:35s;0;0;0;0;0;0
05h:57m:41s;1;1;0;0;0;0
06h:57m:37s;11;11;0;8;8;0
07h:57m:49s;22;21;0;17;17;0
08h:57m:42s;68;64;1;22;23;1
09h:57m:41s;139;139;1;59;60;0
10h:57m:42s;236;234;3;124;121;3
11h:57m:42s;309;305;4;173;169;4
12h:57m:43s;343;337;6;190;185;4
13h:57m:40s;354;352;2;193;191;3
14h:57m:41s;394;391;4;224;224;2
15h:57m:45s;422;418;4;249;246;3
16h:57m:38s;449;426;24;254;233;23
17h:57m:42s;321;302;18;132;115;17
18h:57m:38s;175;159;17;56;52;5
19h:57m:41s;98;90;5;31;27;4
20h:57m:37s;65;60;5;17;14;3
21h:57m:41s;52;47;5;13;12;1
22h:57m:41s;45;44;1;9;9;0
23h:57m:40s;39;35;4;6;6;0
