00h:57m:32s;2;1;1;0;0;0
01h:57m:33s;1;1;0;0;0;0
02h:57m:43s;1;1;0;0;0;0
03h:57m:34s;1;1;0;0;0;0
04h:57m:33s;1;1;0;0;0;0
05h:57m:42s;1;1;0;0;0;0
06h:57m:39s;9;7;2;9;7;2
07h:57m:45s;18;18;0;13;13;0
08h:57m:41s;49;48;1;8;9;0
09h:57m:42s;157;155;3;61;61;0
10h:57m:41s;259;256;4;130;127;2
11h:57m:36s;335;334;3;180;179;4
12h:57m:39s;384;382;2;206;203;4
13h:57m:40s;402;392;8;201;198;3
14h:57m:40s;388;381;6;206;205;1
15h:57m:42s;399;396;5;226;222;3
16h:57m:41s;139;129;8;52;51;3
17h:57m:41s;158;147;12;59;49;10
18h:57m:42s;91;89;2;18;17;1
19h:57m:43s;60;58;1;5;5;0
20h:57m:42s;37;37;0;3;3;0
21h:57m:43s;29;27;2;3;3;0
22h:57m:38s;26;26;0;5;5;0
23h:57m:36s;18;18;0;2;2;0
