00h:57m:39s;40;37;3;20;18;2
01h:57m:34s;23;19;4;12;10;2
02h:57m:36s;3;1;2;3;1;2
03h:57m:41s;1;1;0;1;1;0
04h:57m:38s;1;1;0;1;1;0
05h:57m:41s;1;1;0;1;1;0
06h:57m:40s;6;6;0;4;4;0
07h:57m:42s;13;12;1;6;6;0
08h:57m:41s;76;76;1;16;17;0
09h:57m:43s;203;199;7;90;87;3
10h:57m:42s;329;326;5;168;166;2
11h:57m:41s;395;388;10;207;200;7
12h:57m:39s;442;434;10;246;240;6
13h:57m:41s;0;257;6;244;239;6
14h:57m:40s;456;446;6;249;245;5
15h:57m:42s;477;465;15;274;264;10
16h:57m:41s;458;436;22;259;238;17
17h:57m:42s;328;306;23;152;136;17
18h:57m:39s;191;181;10;71;67;4
19h:57m:41s;132;116;17;50;45;5
20h:57m:36s;98;93;5;42;41;1
21h:57m:40s;82;79;3;37;36;1
22h:57m:42s;73;64;9;33;28;5
23h:57m:37s;50;40;10;19;18;1
