00h:57m:37s;5;5;0;2;2;0
01h:57m:33s;5;4;1;2;2;0
02h:57m:51s;3;2;1;2;1;1
03h:57m:47s;0;0;0;0;0;0
04h:57m:38s;0;0;0;0;0;0
05h:57m:38s;0;0;0;0;0;0
06h:57m:41s;0;0;0;0;0;0
07h:57m:48s;0;0;0;0;0;0
08h:57m:37s;1;1;0;1;1;0
09h:57m:39s;8;8;0;7;7;0
10h:57m:40s;11;11;0;10;10;0
11h:57m:35s;16;16;0;13;13;0
12h:57m:39s;19;19;0;17;17;0
13h:57m:35s;18;16;2;15;13;2
14h:57m:42s;18;18;0;15;15;0
15h:57m:40s;16;16;0;13;13;0
16h:57m:41s;13;13;0;8;8;0
17h:57m:40s;4;2;2;3;1;2
18h:57m:40s;1;1;0;0;0;0
19h:57m:39s;2;2;0;0;0;0
20h:57m:32s;2;2;0;0;0;0
21h:57m:39s;4;4;0;1;1;0
22h:57m:54s;4;4;0;1;1;0
23h:57m:46s;3;3;0;1;1;0
