00h:57m:42s;6;6;0;5;5;0
01h:57m:33s;2;2;0;1;1;0
02h:57m:38s;1;1;0;0;0;0
03h:57m:36s;1;1;0;0;0;0
04h:57m:36s;1;1;0;0;0;0
05h:57m:40s;1;1;0;0;0;0
06h:57m:39s;10;10;0;9;9;0
07h:57m:44s;9;8;1;7;6;1
08h:57m:42s;66;63;3;20;19;1
09h:57m:41s;188;186;2;82;82;2
10h:57m:39s;302;295;6;169;163;6
11h:57m:40s;359;355;6;206;206;2
12h:57m:38s;406;403;3;240;238;2
13h:57m:44s;415;411;6;233;230;1
14h:57m:41s;411;406;6;237;235;4
15h:57m:43s;437;428;9;262;259;4
16h:57m:40s;435;423;12;251;241;10
17h:57m:40s;316;285;31;142;112;30
18h:57m:40s;175;166;10;49;45;4
19h:57m:41s;98;89;7;28;24;4
20h:57m:41s;67;61;6;22;20;2
21h:57m:41s;48;46;2;16;15;1
22h:57m:42s;40;40;0;10;10;0
23h:57m:38s;33;29;4;4;3;1
