00h:57m:39s;31;25;6;7;7;0
01h:57m:35s;10;10;0;2;2;0
02h:57m:36s;0;0;0;0;0;0
03h:57m:40s;0;0;0;0;0;0
04h:57m:36s;0;0;0;0;0;0
05h:57m:36s;0;0;0;0;0;0
06h:57m:36s;1;1;0;0;0;0
07h:57m:41s;3;3;0;1;1;0
08h:57m:39s;61;59;3;12;12;0
09h:57m:38s;179;179;1;81;80;1
10h:57m:43s;342;341;3;207;204;3
11h:57m:43s;416;407;9;247;241;5
12h:57m:43s;471;458;14;289;277;11
13h:57m:40s;499;493;5;301;297;4
14h:57m:42s;525;514;13;342;335;9
15h:57m:42s;551;543;9;339;332;7
16h:57m:41s;560;535;27;335;306;29
17h:57m:42s;383;351;32;178;148;31
18h:57m:37s;185;172;11;68;60;8
19h:57m:40s;100;86;13;31;31;0
20h:57m:36s;72;71;1;25;25;0
21h:57m:40s;61;59;2;20;19;1
22h:57m:41s;58;57;1;17;16;1
23h:57m:36s;45;45;0;12;12;0
