00h:57m:42s;8;8;0;4;4;0
01h:57m:39s;5;5;0;4;4;0
02h:57m:40s;0;0;0;0;0;0
03h:57m:43s;0;0;0;0;0;0
04h:57m:42s;0;0;0;0;0;0
05h:57m:44s;0;0;0;0;0;0
06h:57m:39s;8;4;4;8;4;6
07h:57m:42s;12;9;3;9;6;3
08h:57m:40s;40;36;4;19;17;2
09h:57m:42s;75;75;0;59;59;0
10h:57m:41s;188;184;4;173;169;4
11h:57m:40s;222;219;4;209;205;4
12h:57m:38s;248;238;10;233;223;10
13h:57m:42s;216;209;7;205;198;7
14h:57m:42s;211;208;3;204;201;3
15h:57m:41s;207;201;6;203;197;6
16h:57m:40s;175;166;8;170;162;8
17h:57m:41s;99;86;13;93;78;15
18h:57m:43s;40;38;2;34;32;2
19h:57m:46s;28;27;1;23;23;0
20h:57m:39s;21;21;0;19;19;0
21h:57m:42s;16;15;1;15;14;1
22h:57m:40s;15;15;0;14;14;0
23h:57m:42s;9;8;1;8;7;1
