00h:57m:43s;15;15;0;0;0;0
01h:57m:40s;2;2;0;0;0;0
02h:57m:39s;0;0;0;0;0;0
03h:57m:39s;0;0;0;0;0;0
04h:57m:35s;0;0;0;0;0;0
05h:57m:42s;1;1;0;0;0;0
06h:57m:41s;11;11;0;9;9;0
07h:57m:43s;21;20;0;13;13;0
08h:57m:45s;74;74;3;18;16;2
09h:57m:45s;175;175;2;70;68;2
10h:57m:43s;274;271;5;141;139;3
11h:57m:43s;321;321;2;172;171;0
12h:57m:42s;364;358;6;196;194;2
13h:57m:43s;375;364;9;197;191;4
14h:57m:43s;395;389;6;230;227;3
15h:57m:44s;396;392;5;227;222;4
16h:57m:42s;397;385;14;223;215;8
17h:57m:43s;278;252;26;119;94;25
18h:57m:42s;152;135;16;52;45;7
19h:57m:42s;85;81;4;35;32;2
20h:57m:43s;60;59;2;20;18;2
21h:57m:42s;45;44;1;14;13;1
22h:57m:41s;34;31;3;9;9;0
23h:57m:41s;26;24;1;3;3;0
