00h:57m:33s;2;2;0;1;1;0
01h:57m:34s;2;2;0;1;1;0
02h:57m:33s;0;0;0;0;0;0
03h:57m:41s;0;0;0;0;0;0
04h:57m:37s;0;0;0;0;0;0
05h:57m:41s;0;0;0;0;0;0
06h:57m:35s;5;4;1;5;4;1
07h:57m:38s;9;8;1;7;6;1
08h:57m:41s;68;68;1;25;25;0
09h:57m:43s;174;175;0;80;80;0
10h:57m:45s;294;290;2;171;171;2
11h:57m:43s;374;373;3;237;235;2
12h:57m:44s;420;415;3;262;259;2
13h:57m:42s;431;429;2;258;256;2
14h:57m:42s;437;430;7;279;277;2
15h:57m:42s;464;452;13;304;294;11
16h:57m:39s;453;439;20;278;257;21
17h:57m:46s;316;302;17;149;133;17
18h:57m:44s;150;145;5;41;40;1
19h:57m:42s;81;72;9;31;29;2
20h:57m:39s;56;54;2;16;16;0
21h:57m:43s;49;48;1;19;19;0
22h:57m:44s;41;37;4;14;11;3
23h:57m:41s;26;24;2;4;4;0
