00h:57m:35s;14;12;2;5;4;1
01h:57m:36s;7;6;1;2;1;1
02h:57m:38s;0;0;0;0;0;0
03h:57m:39s;0;0;0;0;0;0
04h:57m:41s;0;0;0;0;0;0
05h:57m:41s;0;0;0;0;0;0
06h:57m:38s;9;9;0;8;8;0
07h:57m:42s;11;10;1;7;6;1
08h:57m:41s;58;56;2;19;19;1
09h:57m:39s;139;140;0;78;79;0
10h:57m:43s;237;236;1;148;148;0
11h:57m:37s;287;285;6;183;177;6
12h:57m:40s;328;328;1;208;209;3
13h:57m:40s;349;343;6;216;211;5
14h:57m:43s;352;347;4;225;224;1
15h:57m:42s;352;346;6;226;223;3
16h:57m:47s;350;340;12;216;205;13
17h:57m:42s;254;239;16;129;115;14
18h:57m:41s;138;133;5;49;48;1
19h:57m:42s;75;70;4;24;23;1
20h:57m:37s;47;44;3;22;21;1
21h:57m:41s;30;29;1;14;14;0
22h:57m:43s;25;24;1;11;11;0
23h:57m:38s;15;15;0;7;7;0
