00h:57m:42s;0;0;0;0;0;0
01h:57m:34s;0;0;0;0;0;0
02h:57m:37s;0;0;0;0;0;0
03h:57m:37s;0;0;0;0;0;0
04h:57m:34s;0;0;0;0;0;0
05h:57m:43s;0;0;0;0;0;0
06h:57m:38s;0;0;0;0;0;0
07h:57m:41s;1;1;0;0;0;0
08h:57m:39s;3;3;0;1;1;0
09h:57m:36s;6;6;0;4;4;0
10h:57m:36s;15;15;0;12;12;0
11h:57m:38s;12;12;0;9;9;0
12h:57m:38s;14;13;1;11;11;0
13h:57m:38s;13;13;0;11;11;0
14h:57m:41s;15;15;0;13;13;0
15h:57m:41s;15;15;0;12;12;0
16h:57m:37s;13;13;0;10;10;0
17h:57m:41s;6;6;0;2;2;0
18h:57m:40s;5;5;0;2;2;0
19h:57m:41s;3;3;0;1;1;0
20h:57m:44s;5;5;0;3;3;0
21h:57m:39s;4;4;0;1;1;0
22h:57m:40s;12;12;0;10;10;0
23h:57m:40s;13;13;0;11;11;0
