00h:57m:37s;20;18;2;4;4;0
01h:57m:39s;0;0;0;0;0;0
02h:57m:39s;0;0;0;0;0;0
03h:57m:41s;0;0;0;0;0;0
04h:57m:38s;0;0;0;0;0;0
05h:57m:39s;0;0;0;0;0;0
06h:57m:38s;12;12;0;9;9;0
07h:57m:41s;14;14;0;11;11;0
08h:57m:43s;92;87;4;18;18;0
09h:57m:41s;225;224;5;89;81;3
10h:57m:43s;322;320;2;148;148;2
11h:57m:41s;392;386;6;192;186;6
12h:57m:40s;441;440;3;215;216;1
13h:57m:44s;444;434;11;215;209;6
14h:57m:45s;450;439;12;226;221;5
;;;;
15h:57m:40s;467;453;12;245;237;5
16h:52m:34s;458;446;13;235;226;10
16h:57m:43s;458;444;12;229;216;12
17h:57m:42s;331;290;42;117;84;31
18h:57m:43s;170;151;19;38;32;4
19h:57m:40s;73;72;1;9;9;0
20h:57m:43s;56;53;3;5;5;0
21h:57m:43s;46;46;0;5;5;0
22h:57m:36s;45;44;1;4;4;0
23h:57m:40s;29;28;1;3;3;0
