00h:57m:38s;16;15;1;3;3;0
01h:57m:34s;9;7;2;1;1;0
02h:57m:36s;1;2;0;0;0;0
03h:57m:37s;1;1;0;0;0;0
04h:57m:39s;2;2;0;0;0;0
05h:57m:42s;1;2;0;0;0;0
06h:57m:44s;12;12;0;10;10;0
07h:57m:43s;16;16;0;10;10;0
08h:57m:44s;77;79;0;18;19;0
09h:57m:49s;181;182;2;82;85;0
10h:57m:43s;321;316;5;172;170;2
11h:57m:42s;382;381;2;210;209;3
12h:57m:44s;442;435;7;235;232;2
13h:57m:42s;442;426;17;234;226;7
14h:57m:42s;437;427;11;239;233;6
15h:57m:41s;438;431;8;243;238;5
16h:57m:42s;465;446;20;259;240;21
17h:57m:42s;335;301;32;140;112;28
18h:57m:41s;178;164;15;50;41;9
19h:57m:44s;112;101;12;33;31;2
20h:57m:42s;80;74;5;26;25;1
21h:57m:42s;63;60;3;22;21;1
22h:57m:41s;52;48;4;15;12;3
23h:57m:42s;28;27;1;6;6;0
