00h:57m:35s;6;4;2;0;0;0
01h:57m:35s;0;0;0;0;0;0
02h:57m:35s;0;0;0;0;0;0
03h:57m:40s;0;0;0;0;0;0
04h:57m:35s;1;1;0;0;0;0
05h:57m:42s;0;0;0;0;0;0
06h:57m:41s;7;7;0;7;7;0
07h:57m:40s;12;10;2;7;6;1
08h:57m:52s;73;73;0;21;21;0
09h:57m:41s;189;188;1;79;79;1
10h:57m:44s;251;249;2;138;138;0
11h:57m:41s;337;334;3;192;190;2
12h:57m:43s;356;355;2;205;204;1
13h:57m:41s;380;372;8;215;210;4
14h:57m:44s;379;362;17;227;224;5
15h:57m:42s;374;365;9;249;243;3
16h:57m:38s;363;336;27;241;214;27
17h:57m:42s;261;242;20;140;120;18
18h:57m:39s;136;129;7;50;46;4
19h:57m:41s;88;84;4;34;34;0
20h:57m:38s;60;57;4;27;25;2
21h:57m:42s;44;40;4;23;22;1
22h:57m:43s;34;33;1;16;15;1
23h:57m:41s;21;21;0;8;8;0
