00h:57m:42s;21;20;1;0;0;0
01h:57m:38s;7;5;2;0;0;0
02h:57m:39s;0;0;0;0;0;0
03h:57m:40s;1;1;0;0;0;0
04h:57m:39s;1;1;0;0;0;0
05h:57m:44s;1;1;0;0;0;0
06h:57m:42s;10;10;0;9;9;0
07h:57m:43s;9;9;0;0;0;0
08h:57m:45s;105;105;1;12;13;0
09h:57m:43s;218;219;0;62;62;0
10h:57m:44s;336;333;4;156;153;3
11h:57m:44s;403;398;4;195;193;2
12h:57m:44s;454;441;8;222;218;2
13h:57m:42s;431;423;8;217;213;3
14h:57m:42s;377;342;35;226;214;13
15h:57m:41s;316;308;7;245;241;4
16h:57m:43s;270;238;33;217;185;31
17h:57m:41s;146;122;24;95;74;21
18h:57m:41s;69;69;0;35;35;0
19h:57m:42s;58;49;9;30;28;2
20h:57m:42s;36;32;4;22;21;1
21h:57m:39s;10;8;2;5;4;1
22h:57m:42s;6;4;2;3;1;2
23h:57m:39s;3;3;0;0;0;0
