00h:57m:38s;8;8;0;6;6;0
01h:57m:38s;6;6;0;3;3;0
02h:57m:39s;4;5;0;3;3;0
03h:57m:40s;3;3;0;1;1;0
04h:57m:39s;3;3;0;1;1;0
05h:57m:36s;2;1;1;0;0;0
06h:57m:38s;1;1;0;0;0;0
07h:57m:40s;2;2;0;1;1;0
08h:57m:41s;3;3;0;1;1;0
09h:57m:37s;6;6;0;3;3;0
10h:57m:39s;8;8;0;3;3;0
11h:57m:37s;11;10;1;3;2;1
12h:57m:38s;10;9;2;2;2;0
13h:57m:38s;7;7;0;3;3;0
14h:57m:38s;7;7;0;3;3;0
15h:57m:39s;10;10;0;6;6;0
16h:57m:36s;7;7;0;3;3;0
18h:57m:37s;4;4;0;1;1;0
19h:57m:37s;4;4;0;2;2;0
20h:57m:38s;4;4;0;2;2;0
21h:57m:36s;2;2;0;0;0;0
22h:57m:41s;1;1;0;0;0;0
23h:57m:44s;1;1;0;0;0;0
