00h:57m:39s;9;8;1;6;6;0
01h:57m:34s;7;7;0;6;6;0
02h:57m:37s;0;0;0;0;0;0
03h:57m:39s;1;1;0;0;0;0
04h:57m:36s;0;0;0;0;0;0
06h:57m:40s;9;9;0;9;9;0
07h:57m:42s;23;20;3;11;11;0
08h:57m:43s;76;78;0;28;28;0
09h:57m:42s;208;201;8;122;117;4
10h:57m:43s;334;331;3;216;215;2
11h:57m:42s;381;381;2;257;256;2
15h:57m:42s;410;387;23;273;255;18
16h:57m:43s;401;373;26;251;228;22
17h:57m:43s;258;228;32;129;100;28
18h:57m:42s;114;97;17;33;23;10
19h:57m:41s;66;62;4;14;14;0
20h:57m:40s;45;45;0;10;10;0
21h:57m:42s;30;29;1;6;5;1
22h:57m:42s;26;26;0;5;5;0
23h:57m:43s;27;21;6;5;6;0
