00h:57m:42s;13;12;1;0;0;0
01h:57m:38s;5;4;1;1;1;0
02h:57m:39s;2;1;1;1;0;1
03h:57m:39s;0;1;0;0;0;0
04h:57m:38s;0;1;0;0;0;0
05h:57m:40s;1;1;0;0;0;0
06h:57m:41s;9;9;0;7;6;1
07h:57m:41s;2;2;0;0;0;0
08h:57m:43s;68;67;1;13;13;0
09h:57m:41s;165;164;4;81;81;1
10h:57m:42s;296;288;9;173;167;6
11h:57m:40s;356;354;3;208;206;2
12h:57m:44s;419;416;3;239;236;3
13h:57m:41s;449;431;18;245;239;8
14h:57m:42s;436;429;8;254;251;3
15h:57m:42s;426;407;17;261;251;10
16h:57m:42s;431;424;12;263;257;9
17h:57m:43s;334;301;31;167;141;26
18h:57m:43s;146;134;14;55;52;3
19h:57m:42s;92;91;1;39;39;0
20h:57m:45s;69;64;5;29;28;1
21h:57m:43s;50;47;3;18;18;0
22h:57m:43s;42;41;1;12;12;0
23h:57m:47s;25;23;2;5;5;0
