00h:57m:42s;24;21;3;2;2;0
01h:57m:35s;7;5;2;1;0;1
02h:57m:36s;1;1;0;0;0;0
03h:57m:40s;2;2;0;0;0;0
04h:57m:39s;2;2;0;0;0;0
05h:57m:41s;2;2;0;0;0;0
06h:57m:39s;11;11;0;9;9;0
07h:57m:43s;13;13;0;8;8;0
08h:57m:41s;74;67;7;12;12;1
09h:57m:41s;186;184;4;80;76;3
10h:57m:41s;309;304;5;160;159;2
11h:57m:40s;379;375;6;208;204;4
12h:57m:45s;442;435;6;250;244;4
13h:57m:40s;441;415;25;223;209;12
14h:57m:39s;400;388;12;210;205;6
15h:57m:43s;390;372;20;213;197;16
16h:57m:41s;375;358;19;187;174;14
17h:57m:43s;279;252;27;105;87;17
18h:57m:43s;133;125;8;40;35;5
19h:57m:41s;58;57;1;14;14;0
20h:57m:40s;50;50;0;12;12;0
21h:57m:38s;38;36;2;10;10;0
22h:57m:42s;34;31;3;9;6;3
23h:57m:36s;26;26;0;3;3;0
