00h:57m:41s;23;21;2;6;6;0
01h:57m:37s;11;9;2;5;4;1
02h:57m:38s;1;1;0;0;0;0
03h:57m:35s;1;1;0;0;0;0
04h:57m:39s;1;1;0;0;0;0
05h:57m:38s;1;1;0;0;0;0
06h:57m:38s;12;12;0;11;11;0
07h:57m:42s;22;21;1;14;13;1
08h:57m:43s;97;94;2;27;27;0
09h:57m:43s;191;186;3;81;81;1
10h:57m:43s;308;303;7;175;170;7
11h:57m:37s;380;374;6;208;203;6
12h:57m:42s;429;419;13;240;228;13
13h:57m:38s;432;429;4;225;224;1
14h:57m:44s;371;360;14;251;248;3
15h:57m:40s;321;316;10;268;263;5
16h:57m:38s;256;237;19;215;195;20
17h:57m:41s;158;138;20;117;99;18
18h:57m:32s;64;62;2;37;35;2
19h:57m:45s;53;51;2;26;25;1
20h:57m:32s;39;34;5;19;18;1
21h:57m:38s;24;22;2;16;14;2
22h:57m:39s;20;13;7;12;7;5
23h:57m:40s;10;9;1;6;5;1
