00h:57m:40s;25;21;4;3;2;1
01h:57m:40s;15;11;4;1;0;1
02h:57m:41s;2;2;0;0;0;0
03h:57m:41s;2;2;0;0;0;0
04h:57m:41s;1;1;0;0;0;0
05h:57m:42s;1;1;0;0;0;0
06h:57m:40s;9;9;0;7;7;0
07h:57m:42s;17;16;1;11;10;1
08h:57m:43s;62;65;2;25;23;2
09h:57m:37s;177;174;3;85;84;1
10h:57m:40s;275;270;5;165;162;3
11h:57m:45s;325;325;1;194;194;0
12h:57m:41s;360;359;1;211;208;2
13h:57m:41s;365;357;7;207;205;2
14h:57m:42s;386;381;6;231;226;3
15h:57m:41s;400;401;1;240;239;1
16h:57m:35s;403;381;22;233;212;20
17h:57m:38s;274;253;20;121;112;8
18h:57m:34s;154;144;10;49;43;6
19h:57m:36s;99;94;4;30;28;2
20h:57m:33s;73;71;2;23;22;1
21h:57m:38s;53;50;3;17;14;3
22h:57m:39s;40;38;2;11;10;1
23h:57m:36s;27;26;1;6;5;1
