00h:57m:42s;6;6;0;0;0;0
01h:57m:40s;4;4;0;0;0;0
02h:57m:38s;1;1;0;0;0;0
03h:57m:39s;0;0;0;0;0;0
04h:57m:35s;0;0;0;0;0;0
05h:57m:42s;0;0;0;0;0;0
06h:57m:42s;0;0;0;0;0;0
07h:57m:42s;2;2;0;1;1;0
08h:57m:40s;38;37;2;4;4;0
09h:57m:38s;85;86;0;36;36;0
10h:57m:39s;161;160;1;92;91;1
11h:57m:45s;189;188;3;114;111;5
12h:57m:38s;207;206;1;120;121;0
13h:57m:38s;200;198;1;116;116;0
14h:57m:39s;205;203;3;134;131;3
15h:57m:41s;216;216;1;146;145;1
16h:57m:38s;200;195;4;126;122;4
17h:57m:38s;139;127;12;73;62;11
18h:57m:49s;60;51;10;26;18;8
19h:57m:37s;31;24;6;12;9;0
20h:57m:39s;15;15;0;6;6;0
21h:57m:37s;14;14;0;7;7;0
22h:57m:41s;9;9;0;4;4;0
23h:57m:36s;10;10;0;4;4;0
