00h:57m:43s;24;23;1;3;3;0
01h:57m:36s;15;12;3;2;2;0
02h:57m:41s;0;0;0;0;0;0
03h:57m:43s;0;0;0;0;0;0
04h:57m:36s;1;1;0;0;0;0
05h:57m:41s;1;1;0;0;0;0
06h:57m:37s;11;11;0;9;9;0
07h:57m:41s;20;20;0;15;15;0
08h:57m:45s;63;63;0;19;19;1
09h:57m:43s;205;204;3;102;102;1
10h:57m:42s;326;320;7;197;193;4
11h:57m:42s;396;391;4;250;246;4
12h:57m:40s;479;472;6;298;295;3
13h:57m:41s;243;237;8;148;143;5
14h:57m:43s;327;325;3;221;220;1
15h:57m:41s;396;393;5;261;259;5
16h:57m:40s;421;402;26;258;233;28
17h:57m:42s;314;297;17;136;118;18
18h:57m:44s;178;167;7;49;46;3
19h:57m:43s;101;94;7;21;21;0
20h:57m:41s;71;63;7;15;15;0
21h:57m:40s;56;52;4;16;15;1
22h:57m:42s;41;41;0;10;10;0
23h:57m:39s;27;27;0;6;6;0
