00h:57m:43s;12;12;0;11;11;0
01h:57m:36s;8;8;0;8;8;0
02h:57m:38s;0;0;0;0;0;0
03h:57m:35s;0;0;0;0;0;0
04h:57m:37s;0;0;0;0;0;0
05h:57m:35s;0;0;0;0;0;0
06h:57m:39s;10;10;0;9;9;0
07h:57m:42s;19;18;1;13;12;1
08h:57m:44s;78;79;0;20;20;0
09h:57m:40s;176;174;2;77;78;0
10h:57m:42s;291;286;4;153;152;1
11h:57m:41s;328;323;8;172;169;3
12h:57m:45s;363;353;8;193;189;3
13h:57m:40s;365;359;9;197;192;5
14h:57m:43s;393;388;5;210;208;1
15h:57m:44s;423;421;2;232;230;2
16h:57m:40s;435;421;16;227;215;11
17h:57m:40s;309;285;27;115;94;24
18h:57m:41s;174;154;20;43;39;4
19h:57m:43s;93;86;7;27;26;1
20h:57m:40s;63;57;6;19;18;1
21h:57m:38s;47;46;1;17;16;1
22h:57m:36s;38;38;0;12;12;0
23h:57m:38s;25;23;2;6;4;2
