00h:57m:44s;21;20;1;4;4;0
01h:57m:40s;5;4;1;1;1;0
02h:57m:40s;0;0;0;0;0;0
03h:57m:41s;0;0;0;0;0;0
04h:57m:42s;0;0;0;0;0;0
05h:57m:43s;0;0;0;0;0;0
06h:57m:40s;9;9;0;8;6;3
07h:57m:42s;13;11;2;9;7;2
08h:57m:43s;81;81;2;13;13;0
09h:57m:42s;205;204;2;82;81;1
10h:57m:42s;329;326;4;178;177;2
11h:57m:43s;387;384;3;214;212;1
12h:57m:43s;433;429;5;242;238;3
13h:57m:44s;453;442;12;249;245;3
14h:57m:42s;444;439;6;255;252;3
15h:57m:45s;472;467;8;288;279;8
16h:57m:39s;478;461;18;283;266;16
17h:57m:39s;318;289;29;155;129;25
18h:57m:49s;144;125;18;46;40;4
19h:57m:42s;82;75;8;29;28;1
20h:57m:41s;63;61;2;24;23;1
21h:57m:40s;45;40;5;19;14;5
22h:57m:37s;33;30;3;7;5;2
23h:57m:39s;22;19;3;3;3;0
