00h:57m:43s;2;2;0;0;0;0
01h:57m:34s;1;1;0;0;0;0
02h:57m:39s;2;2;0;0;0;0
03h:57m:39s;2;2;0;0;0;0
04h:57m:39s;2;2;0;0;0;0
05h:57m:42s;2;2;0;0;0;0
06h:57m:41s;2;2;0;0;0;0
07h:57m:40s;3;3;0;0;0;0
08h:57m:43s;8;7;1;3;3;0
09h:57m:40s;18;18;0;11;11;0
10h:57m:41s;29;29;0;23;23;0
11h:57m:42s;35;35;0;28;28;0
12h:57m:43s;39;38;1;32;31;1
13h:57m:43s;41;40;1;30;29;1
14h:57m:40s;40;37;3;26;26;0
15h:57m:43s;31;31;0;24;24;0
16h:57m:42s;30;29;1;25;24;1
17h:57m:44s;26;24;2;20;18;2
18h:57m:42s;11;11;0;4;4;0
19h:57m:42s;13;13;0;5;5;0
20h:57m:42s;8;7;1;2;1;1
21h:57m:43s;9;9;0;1;1;0
22h:57m:40s;9;9;0;1;1;0
23h:57m:49s;4;4;0;1;1;0
