00h:57m:38s;16;14;2;4;4;0
01h:57m:36s;11;9;2;3;3;0
02h:57m:38s;2;2;0;0;0;0
03h:57m:41s;2;2;0;0;0;0
04h:57m:39s;2;2;0;0;0;0
05h:57m:39s;2;2;0;0;0;0
06h:57m:41s;8;7;1;6;5;1
07h:57m:40s;17;17;0;11;11;0
08h:57m:43s;71;65;5;20;18;3
09h:57m:39s;122;107;16;51;44;8
10h:57m:43s;254;238;16;147;144;2
11h:57m:43s;299;292;7;176;172;3
12h:57m:44s;343;335;9;203;199;4
13h:57m:39s;343;336;7;198;194;4
14h:57m:39s;362;353;9;209;208;1
15h:57m:36s;387;378;10;244;239;5
16h:57m:39s;417;400;19;251;236;14
17h:57m:42s;281;256;27;127;107;19
18h:57m:38s;146;132;14;42;40;2
19h:57m:38s;90;75;15;27;24;3
20h:57m:37s;69;63;6;22;19;3
21h:57m:41s;59;55;4;17;16;1
22h:57m:42s;51;46;5;11;10;1
23h:57m:39s;34;27;7;4;3;1
