00h:57m:43s;26;22;4;5;3;2
01h:57m:39s;6;5;1;2;2;0
02h:57m:41s;1;1;0;0;0;0
03h:57m:38s;1;1;0;0;0;0
04h:57m:41s;1;1;0;0;0;0
05h:57m:41s;1;1;0;0;0;0
06h:57m:42s;11;8;3;9;7;2
07h:57m:43s;16;16;0;11;11;0
08h:57m:45s;57;55;2;9;10;0
09h:57m:43s;170;168;3;69;69;2
10h:57m:40s;290;283;6;158;152;6
11h:57m:43s;349;346;3;200;196;5
12h:57m:43s;394;388;4;211;207;4
13h:57m:43s;413;405;9;224;220;5
14h:57m:42s;401;397;5;235;232;3
15h:57m:44s;399;383;15;240;231;8
16h:57m:42s;375;362;12;216;205;12
17h:57m:43s;275;247;26;120;105;15
18h:57m:42s;148;136;12;53;49;3
19h:57m:44s;91;84;7;31;25;5
20h:57m:44s;67;65;1;20;20;0
21h:57m:42s;47;47;0;17;17;0
22h:57m:40s;40;38;2;12;11;1
23h:57m:42s;24;24;0;5;5;0
