00h:57m:40s;27;25;2;11;11;0
01h:57m:36s;9;8;1;6;6;0
02h:57m:38s;0;0;0;0;0;0
03h:57m:40s;0;0;0;0;0;0
04h:57m:40s;1;1;0;0;0;0
05h:57m:37s;1;1;0;0;0;0
06h:57m:40s;10;10;0;8;8;0
07h:57m:42s;21;21;0;12;12;0
08h:57m:43s;123;123;0;22;23;0
09h:57m:42s;250;251;1;83;83;0
10h:57m:40s;351;345;7;159;156;4
11h:57m:42s;403;400;2;203;202;1
12h:57m:42s;430;425;3;210;208;3
13h:57m:44s;437;427;7;202;200;2
14h:57m:39s;361;337;23;206;202;4
15h:57m:42s;279;272;8;222;219;3
16h:57m:40s;247;233;13;198;187;11
17h:57m:42s;137;124;13;95;83;13
18h:57m:42s;73;71;2;39;36;3
19h:57m:43s;54;43;11;26;16;10
20h:57m:40s;31;28;2;16;16;0
21h:57m:42s;18;17;1;14;13;1
22h:57m:42s;16;16;0;12;12;0
23h:57m:41s;14;14;0;10;10;0
