00h:57m:41s;12;10;2;0;0;0
01h:57m:34s;2;0;2;0;0;0
02h:57m:41s;0;0;0;0;0;0
03h:57m:39s;0;0;0;0;0;0
04h:57m:33s;0;0;0;0;0;0
05h:57m:40s;0;0;0;0;0;0
06h:57m:39s;12;12;0;10;10;0
07h:57m:42s;18;18;1;15;14;1
08h:57m:43s;73;72;2;17;17;0
09h:57m:41s;199;196;5;90;90;2
10h:57m:40s;320;319;2;169;167;3
11h:57m:41s;379;374;5;218;215;3
12h:57m:39s;439;433;8;249;243;6
13h:57m:43s;436;415;22;236;221;14
14h:57m:40s;430;417;12;252;248;2
15h:57m:42s;465;460;6;284;277;7
16h:57m:42s;469;451;17;282;269;15
17h:57m:41s;314;274;39;151;121;30
18h:57m:41s;167;143;23;59;49;10
19h:57m:41s;82;78;3;27;26;1
20h:57m:42s;61;60;1;21;21;0
21h:57m:38s;48;48;0;17;17;0
22h:57m:38s;40;39;1;12;12;0
23h:57m:38s;25;25;0;8;8;0
