00h:57m:41s;2;2;0;0;0;0
01h:57m:39s;3;3;0;0;0;0
02h:57m:40s;1;1;0;0;0;0
03h:57m:41s;1;1;0;0;0;0
04h:57m:40s;1;1;0;0;0;0
05h:57m:43s;2;2;0;0;0;0
06h:57m:42s;2;2;0;0;0;0
07h:57m:43s;1;2;0;1;1;0
08h:57m:44s;6;6;0;5;5;0
09h:57m:37s;30;29;1;27;27;0
10h:57m:43s;45;44;1;40;39;1
11h:57m:45s;48;48;0;42;42;0
12h:57m:41s;49;48;1;44;43;1
13h:57m:44s;45;42;3;42;39;3
14h:57m:42s;46;43;3;43;40;3
15h:57m:45s;40;40;0;37;37;0
16h:57m:42s;13;13;0;11;11;0
17h:57m:43s;12;11;1;9;8;1
20h:57m:43s;2;2;0;0;0;0
23h:57m:48s;0;0;0;0;0;0
