00h:57m:44s;0;0;0;0;0;0
01h:57m:40s;0;0;0;0;0;0
02h:57m:41s;0;0;0;0;0;0
03h:57m:43s;0;0;0;0;0;0
04h:57m:42s;0;0;0;0;0;0
05h:57m:43s;0;0;0;0;0;0
06h:57m:41s;0;0;0;0;0;0
07h:57m:41s;0;0;0;0;0;0
08h:57m:42s;1;1;0;1;1;0
09h:57m:40s;18;16;2;17;15;2
10h:57m:40s;36;36;0;32;32;0
11h:57m:41s;42;42;0;38;38;0
12h:57m:41s;47;47;0;43;43;0
13h:57m:43s;48;47;0;44;44;0
14h:57m:42s;50;45;5;47;42;5
15h:57m:41s;50;47;3;47;44;3
16h:57m:40s;42;42;0;39;39;0
17h:57m:42s;7;7;0;6;6;0
18h:57m:40s;5;5;0;4;4;0
19h:57m:43s;3;3;0;2;2;0
20h:57m:42s;4;4;0;3;3;0
21h:57m:43s;5;5;0;3;3;0
22h:57m:42s;6;6;0;4;4;0
23h:57m:50s;6;6;0;4;4;0
