00h:57m:37s;12;12;0;2;2;0
01h:57m:37s;8;8;0;1;1;0
02h:57m:33s;0;0;0;0;0;0
03h:57m:40s;0;0;0;0;0;0
04h:57m:39s;0;0;0;0;0;0
05h:57m:37s;0;0;0;0;0;0
06h:57m:35s;4;3;1;4;3;1
07h:57m:40s;12;12;0;8;8;0
08h:57m:42s;87;85;2;20;20;1
09h:57m:40s;207;207;1;88;87;1
10h:57m:44s;327;323;4;168;166;2
11h:57m:40s;339;336;3;182;180;2
12h:57m:44s;372;366;7;209;204;4
13h:57m:39s;377;370;8;207;200;8
14h:57m:38s;323;308;13;213;208;5
15h:57m:53s;275;271;4;217;218;0
16h:57m:34s;250;235;15;204;190;12
17h:57m:35s;135;126;9;89;81;8
18h:57m:34s;64;63;1;29;28;1
19h:57m:34s;49;48;1;19;18;1
20h:57m:33s;42;39;3;14;14;0
21h:57m:33s;23;21;2;13;11;2
22h:57m:35s;14;13;1;7;7;0
23h:57m:39s;9;9;0;5;5;0
