00h:57m:34s;21;19;2;2;2;0
01h:57m:35s;12;10;2;2;2;0
02h:57m:34s;1;1;0;0;0;0
03h:57m:41s;0;0;0;0;0;0
04h:57m:37s;0;0;0;0;0;0
05h:57m:36s;0;0;0;0;0;0
06h:57m:35s;8;6;2;8;6;2
07h:57m:39s;13;13;0;2;2;0
08h:57m:42s;84;84;1;19;19;0
09h:57m:41s;205;204;1;104;104;0
10h:57m:43s;290;282;7;171;168;4
11h:57m:44s;363;354;8;224;218;6
12h:57m:43s;408;405;1;243;242;1
14h:13m:16s;421;414;8;254;251;2
14h:57m:53s;429;426;3;273;272;1
15h:57m:44s;447;436;10;283;279;6
16h:57m:40s;458;441;17;279;263;17
17h:57m:41s;321;286;34;149;123;27
18h:57m:41s;180;162;17;70;61;10
19h:57m:39s;114;110;5;43;42;1
20h:57m:35s;87;85;2;34;32;2
21h:57m:43s;78;76;2;30;28;2
22h:57m:43s;60;60;0;17;17;0
23h:57m:40s;38;36;2;6;6;0
