00h:57m:42s;0;0;0;0;0;0
01h:57m:40s;0;0;0;0;0;0
02h:57m:39s;0;0;0;0;0;0
03h:57m:39s;0;0;0;0;0;0
04h:57m:32s;0;0;0;0;0;0
05h:57m:42s;0;0;0;0;0;0
06h:57m:40s;1;1;0;0;0;0
07h:57m:41s;1;1;0;0;0;0
08h:57m:41s;34;27;6;3;3;0
09h:57m:40s;75;76;0;28;29;0
10h:57m:39s;107;105;1;48;47;1
11h:57m:43s;133;131;2;64;62;2
12h:57m:42s;156;155;2;81;79;2
13h:57m:42s;159;153;5;79;76;3
14h:57m:42s;161;158;3;82;80;2
15h:57m:41s;148;143;5;76;73;3
16h:57m:39s;152;146;6;80;73;7
17h:57m:42s;118;108;10;50;40;10
18h:57m:50s;59;46;12;16;8;8
19h:57m:41s;35;35;0;12;12;0
20h:57m:42s;31;31;0;11;11;0
21h:57m:38s;30;30;0;13;13;0
22h:57m:42s;18;18;0;3;3;0
23h:57m:40s;11;11;0;0;0;0
