00h:57m:39s;6;6;0;4;4;0
01h:57m:37s;2;2;0;1;1;0
02h:57m:41s;1;1;0;0;0;0
03h:57m:39s;1;1;0;0;0;0
04h:57m:37s;1;1;0;0;0;0
05h:57m:42s;1;1;0;0;0;0
06h:57m:41s;1;1;0;0;0;0
07h:57m:42s;3;3;0;2;2;0
08h:57m:41s;4;4;0;2;2;0
09h:57m:41s;6;6;0;3;3;0
10h:57m:40s;6;6;0;5;5;0
11h:57m:41s;7;7;0;6;6;0
12h:57m:41s;11;10;1;10;9;1
13h:57m:45s;13;12;1;11;10;1
14h:57m:43s;14;14;0;12;12;0
15h:57m:43s;14;14;0;14;14;0
16h:57m:42s;14;14;0;14;14;0
17h:57m:43s;11;11;0;11;11;0
18h:57m:43s;10;6;4;9;5;4
19h:57m:43s;6;6;0;5;5;0
20h:57m:44s;3;3;0;2;2;0
21h:57m:45s;3;3;0;2;2;0
22h:57m:43s;2;2;0;2;2;0
23h:57m:50s;2;2;0;2;2;0
