00h:57m:42s;18;16;2;6;6;0
01h:57m:33s;2;2;0;1;1;0
02h:57m:37s;1;1;0;0;0;0
03h:57m:38s;1;1;0;0;0;0
04h:57m:34s;1;1;0;0;0;0
05h:57m:42s;1;1;0;0;0;0
06h:57m:39s;10;10;0;8;8;0
07h:57m:43s;14;14;0;10;10;0
08h:57m:43s;83;83;0;22;22;0
09h:57m:42s;195;193;2;70;70;0
10h:57m:41s;277;275;3;128;128;1
11h:57m:35s;334;333;3;176;176;1
12h:57m:41s;362;356;7;197;192;5
13h:57m:40s;354;346;7;181;176;5
14h:57m:38s;317;299;16;186;182;4
15h:57m:38s;247;242;5;194;189;6
16h:57m:41s;212;197;15;176;164;11
17h:57m:38s;118;108;11;88;75;13
18h:57m:39s;45;40;4;28;26;2
19h:57m:40s;31;28;3;19;17;2
20h:57m:37s;24;23;1;15;14;1
21h:57m:41s;17;17;0;13;13;0
22h:57m:40s;16;14;2;12;10;2
23h:57m:40s;10;10;0;6;6;0
