00h:57m:34s;21;18;3;4;4;0
01h:57m:33s;10;9;1;2;2;0
02h:57m:32s;0;0;0;0;0;0
03h:57m:38s;0;0;0;0;0;0
04h:57m:33s;0;0;0;0;0;0
05h:57m:38s;0;0;0;0;0;0
06h:57m:38s;8;8;0;7;7;0
07h:57m:40s;18;17;1;10;9;1
08h:57m:43s;84;81;3;28;26;3
09h:57m:39s;167;168;0;71;71;0
10h:57m:44s;272;270;2;154;154;1
11h:57m:43s;337;334;2;204;203;1
12h:57m:44s;374;370;5;232;227;4
13h:57m:41s;389;384;8;244;235;8
14h:57m:43s;388;381;7;253;250;5
15h:57m:44s;399;389;12;267;256;13
16h:58m:07s;393;383;13;251;234;25
17h:57m:42s;299;279;23;157;137;22
18h:57m:40s;161;139;21;61;50;10
19h:57m:41s;83;78;5;29;28;1
20h:57m:41s;60;58;2;25;25;0
21h:57m:42s;50;48;2;20;18;2
22h:57m:42s;34;34;0;12;12;0
23h:57m:41s;25;24;1;6;6;0
