00h:57m:39s;19;18;1;1;1;0
01h:57m:37s;7;7;0;1;1;0
02h:57m:40s;0;0;0;0;0;0
03h:57m:39s;1;1;0;1;1;0
04h:57m:35s;1;1;0;1;1;0
05h:57m:42s;0;1;0;0;0;0
06h:57m:39s;7;4;3;6;3;3
07h:57m:42s;22;23;0;14;14;0
08h:57m:43s;93;94;0;22;22;0
09h:57m:42s;245;246;2;87;86;1
10h:57m:42s;370;367;3;173;171;3
11h:57m:42s;436;431;5;212;211;1
12h:57m:42s;483;481;3;240;235;5
13h:57m:38s;496;477;19;240;221;19
14h:57m:38s;466;449;15;228;221;8
15h:57m:38s;479;470;9;244;237;6
16h:57m:38s;465;448;15;229;217;14
17h:57m:40s;332;301;33;131;109;23
18h:57m:38s;169;153;14;53;44;9
19h:57m:40s;81;78;3;28;27;1
20h:57m:38s;66;64;2;25;24;1
21h:57m:40s;61;61;0;24;23;1
22h:57m:42s;49;47;2;14;13;1
23h:57m:41s;42;37;5;11;11;0
