00h:57m:40s;5;5;0;3;3;0
01h:57m:36s;5;5;0;3;3;0
02h:57m:33s;0;0;0;0;0;0
03h:57m:40s;0;0;0;0;0;0
04h:57m:35s;0;0;0;0;0;0
05h:57m:38s;0;0;0;0;0;0
06h:57m:37s;0;0;0;0;0;0
07h:57m:41s;0;0;0;0;0;0
08h:57m:43s;1;1;0;0;0;0
09h:57m:40s;12;12;0;8;8;0
10h:57m:42s;27;27;0;20;20;0
11h:57m:36s;31;29;2;23;23;0
12h:57m:38s;35;35;0;25;25;0
13h:57m:36s;35;34;1;22;21;1
14h:57m:41s;32;30;2;15;13;2
15h:57m:43s;27;27;0;11;11;0
16h:57m:40s;28;28;0;10;10;0
17h:57m:41s;28;28;0;7;7;0
18h:57m:38s;22;22;0;4;4;0
19h:57m:35s;21;21;0;4;4;0
20h:57m:38s;23;23;0;4;4;0
21h:57m:42s;20;20;0;4;4;0
22h:57m:42s;21;20;1;5;5;0
23h:57m:47s;19;15;4;2;2;0
