00h:57m:41s;0;0;0;0;0;0
01h:57m:37s;0;0;0;0;0;0
02h:57m:34s;0;0;0;0;0;0
03h:57m:36s;0;0;0;0;0;0
04h:57m:36s;0;0;0;0;0;0
05h:57m:38s;0;0;0;0;0;0
06h:57m:38s;10;10;0;9;9;0
07h:57m:44s;17;17;0;14;14;0
08h:57m:42s;72;72;0;23;23;0
09h:57m:42s;185;185;2;75;74;1
10h:57m:42s;294;292;2;143;141;2
11h:57m:40s;362;353;7;186;183;3
12h:57m:45s;419;417;3;216;215;1
13h:57m:39s;405;403;2;199;200;1
14h:57m:45s;432;422;10;237;235;3
15h:57m:42s;449;443;8;254;248;4
16h:57m:42s;490;481;10;257;249;11
17h:57m:39s;396;358;37;166;136;32
18h:57m:39s;181;165;15;44;42;2
19h:57m:40s;77;73;4;22;21;1
20h:57m:40s;58;55;3;15;13;2
21h:57m:40s;46;45;1;10;10;0
22h:57m:41s;43;43;0;7;7;0
23h:57m:41s;32;27;5;3;2;1
