00h:57m:43s;1;1;0;1;1;0
01h:57m:34s;0;0;0;0;0;0
02h:57m:35s;0;0;0;0;0;0
03h:57m:39s;0;0;0;0;0;0
04h:57m:38s;0;0;0;0;0;0
05h:57m:41s;1;1;0;0;0;0
06h:57m:41s;1;1;0;0;0;0
07h:57m:42s;2;2;0;0;0;0
08h:57m:44s;70;69;1;11;11;0
09h:57m:40s;222;222;1;98;94;3
10h:57m:44s;336;329;8;188;188;2
11h:57m:42s;415;410;6;241;239;3
12h:57m:43s;473;464;7;268;261;6
13h:57m:43s;480;469;11;257;248;9
14h:57m:43s;485;479;3;280;278;4
15h:57m:41s;516;504;10;306;298;10
16h:57m:41s;525;498;22;280;261;25
17h:57m:41s;383;346;37;154;134;20
18h:57m:36s;216;203;13;64;56;8
19h:57m:38s;131;119;12;51;46;4
20h:57m:37s;98;92;6;45;41;4
21h:57m:39s;82;77;5;45;40;5
22h:57m:40s;74;69;5;38;34;4
23h:57m:38s;41;36;5;13;8;4
