00h:57m:40s;15;14;1;2;2;0
01h:57m:36s;8;7;1;1;1;0
02h:57m:40s;1;1;0;0;0;0
03h:57m:40s;0;0;0;0;0;0
04h:57m:38s;0;0;0;0;0;0
05h:57m:38s;0;0;0;0;0;0
06h:57m:38s;12;9;3;9;6;3
07h:57m:44s;12;12;0;4;5;0
08h:57m:44s;93;93;0;18;18;0
09h:57m:44s;243;237;6;92;92;1
10h:57m:44s;354;351;6;177;176;2
11h:57m:43s;428;423;5;206;203;3
12h:57m:43s;477;470;7;216;211;6
13h:57m:42s;485;476;10;210;204;6
14h:57m:42s;489;483;8;232;227;6
15h:57m:43s;523;519;4;251;247;4
16h:57m:43s;504;492;13;220;211;12
17h:57m:42s;375;327;49;128;92;35
18h:57m:39s;156;147;9;37;34;3
19h:57m:39s;85;80;5;22;22;0
20h:57m:40s;67;66;1;20;20;0
21h:57m:40s;59;59;0;20;20;0
22h:57m:40s;40;40;0;4;4;0
23h:57m:41s;29;24;5;2;2;0
