00h:57m:31s;2;2;0;2;2;0
01h:57m:31s;2;2;0;2;2;0
02h:57m:32s;0;0;0;0;0;0
03h:57m:37s;0;0;0;0;0;0
04h:57m:39s;0;0;0;0;0;0
05h:57m:37s;0;0;0;0;0;0
06h:57m:38s;5;3;2;5;3;2
07h:57m:38s;9;9;0;5;5;0
08h:57m:40s;64;62;3;11;11;0
09h:57m:39s;170;168;3;83;82;1
10h:57m:42s;279;279;0;156;157;0
11h:57m:44s;347;340;6;204;202;5
12h:57m:43s;392;383;9;243;241;2
13h:57m:41s;407;403;5;257;250;6
14h:57m:39s;435;424;11;285;278;6
15h:57m:40s;466;459;7;297;292;5
16h:57m:37s;452;429;25;283;259;25
17h:57m:39s;314;293;19;156;140;15
18h:57m:37s;161;155;6;54;50;4
19h:57m:36s;103;99;4;38;35;3
20h:57m:35s;84;82;2;34;32;2
21h:57m:37s;61;60;1;23;23;0
22h:57m:37s;57;57;0;22;22;0
23h:57m:35s;45;40;5;10;7;3
