00h:57m:34s;3;2;1;1;1;0
01h:57m:34s;1;1;0;0;0;0
02h:57m:37s;3;3;0;0;0;0
03h:57m:37s;1;1;0;0;0;0
04h:57m:37s;0;0;0;0;0;0
05h:57m:36s;0;0;0;0;0;0
06h:57m:41s;7;7;0;6;6;0
07h:57m:42s;13;11;2;9;7;1
08h:57m:42s;54;53;0;24;25;0
09h:57m:39s;128;128;1;66;65;1
10h:57m:43s;221;219;0;139;141;0
11h:57m:39s;269;267;2;168;166;2
12h:57m:41s;307;304;2;192;190;2
13h:57m:40s;308;304;4;189;186;4
14h:57m:42s;322;316;6;205;204;1
15h:57m:41s;356;349;7;236;232;4
16h:57m:39s;361;347;14;227;211;19
17h:57m:41s;253;240;15;110;100;10
18h:57m:37s;150;144;6;53;50;3
19h:57m:41s;84;82;2;31;30;1
20h:57m:39s;66;66;0;22;22;0
21h:57m:39s;57;55;2;19;19;0
22h:57m:37s;45;43;2;16;14;2
23h:57m:37s;30;26;3;9;8;1
