00h:57m:43s;15;15;0;1;1;0
01h:57m:40s;8;8;0;1;1;0
02h:57m:42s;0;0;0;0;0;0
03h:57m:42s;2;2;0;0;0;0
04h:57m:40s;2;2;0;0;0;0
05h:57m:42s;2;2;0;0;0;0
06h:57m:40s;6;4;2;6;4;1
07h:57m:39s;22;21;1;12;11;1
08h:57m:42s;76;76;0;22;22;0
09h:57m:39s;198;196;3;91;88;3
11h:01m:30s;347;348;3;205;202;6
11h:57m:43s;433;429;5;271;271;5
12h:57m:41s;482;477;2;303;302;2
13h:57m:43s;507;500;8;310;302;6
14h:57m:41s;515;504;11;336;332;5
15h:57m:42s;533;525;6;336;331;5
16h:57m:40s;504;482;22;308;286;23
17h:57m:40s;350;315;34;173;143;31
18h:57m:41s;162;141;21;67;49;18
19h:57m:42s;88;86;2;27;26;1
20h:57m:41s;64;59;5;20;19;1
21h:57m:41s;44;42;2;17;15;2
22h:57m:40s;33;28;5;12;9;3
23h:57m:39s;20;15;5;7;3;4
