00h:57m:40s;6;6;0;0;0;0
01h:57m:36s;1;0;1;0;0;0
02h:57m:37s;0;0;0;0;0;0
03h:57m:38s;0;0;0;0;0;0
04h:57m:41s;0;0;0;0;0;0
05h:57m:50s;0;0;0;0;0;0
06h:57m:42s;8;7;1;7;6;0
07h:57m:43s;18;18;0;11;11;0
08h:57m:45s;95;95;1;13;13;0
09h:57m:41s;211;211;2;79;79;0
10h:57m:42s;302;295;8;155;153;2
11h:57m:45s;368;367;6;203;198;6
12h:57m:41s;424;416;8;220;217;5
13h:57m:42s;434;427;9;231;229;3
14h:57m:42s;389;373;17;247;247;0
15h:57m:44s;300;287;13;247;239;8
16h:57m:39s;268;247;19;222;204;18
17h:57m:41s;143;121;22;110;92;18
18h:57m:50s;56;46;11;39;28;11
19h:57m:44s;31;30;1;17;17;0
20h:57m:44s;25;24;1;15;14;1
21h:57m:43s;22;22;0;14;14;0
22h:57m:43s;20;18;2;13;11;2
23h:57m:42s;17;17;0;9;9;0
