06h:57m:40s;19;19;0;17;17;0
09h:13m:49s;127;127;0;50;50;0
09h:57m:39s;230;227;5;124;121;3
10h:57m:40s;334;325;11;199;193;5
12h:13m:53s;395;393;1;224;224;0
12h:57m:36s;436;428;8;250;243;7
13h:57m:41s;421;409;10;229;223;5
14h:57m:39s;354;331;22;226;223;2
15h:57m:41s;274;268;5;229;225;4
16h:57m:42s;238;228;10;204;194;11
17h:57m:42s;131;118;13;99;87;13
18h:57m:40s;67;65;2;41;39;2
19h:57m:44s;43;37;5;24;20;4
20h:57m:40s;26;23;2;13;12;1
21h:57m:40s;15;15;0;9;9;0
22h:57m:40s;12;12;0;7;7;0
23h:57m:41s;9;8;1;5;5;0
