00h:57m:44s;26;22;4;3;2;1
01h:57m:35s;5;5;0;0;0;0
02h:57m:37s;0;0;0;0;0;0
03h:57m:37s;0;0;0;0;0;0
04h:57m:37s;1;1;0;0;0;0
05h:57m:42s;0;0;0;0;0;0
06h:57m:39s;0;0;0;0;0;0
07h:57m:41s;7;7;0;0;0;0
08h:57m:43s;89;89;0;21;22;0
09h:57m:41s;203;203;2;96;97;0
10h:57m:42s;335;328;6;188;185;5
11h:57m:42s;389;388;2;210;207;3
12h:57m:42s;451;442;9;247;242;7
13h:57m:41s;458;438;19;246;233;14
14h:57m:40s;465;455;11;259;255;4
15h:57m:42s;464;458;7;269;263;7
16h:57m:41s;463;442;23;263;242;23
17h:57m:56s;315;273;45;140;103;38
18h:57m:40s;150;142;10;43;37;5
19h:57m:43s;100;88;14;28;24;4
20h:57m:42s;64;62;3;19;19;0
21h:57m:42s;52;51;1;16;15;1
22h:57m:44s;43;43;0;12;12;0
23h:57m:42s;31;28;3;9;8;1
