00h:57m:41s;10;10;0;2;2;0
01h:57m:38s;2;2;0;0;0;0
02h:57m:40s;0;0;0;0;0;0
03h:57m:40s;1;1;0;0;0;0
04h:57m:41s;0;0;0;0;0;0
05h:57m:43s;0;0;0;0;0;0
06h:57m:39s;17;17;0;18;18;0
07h:57m:42s;43;30;13;39;26;13
08h:57m:43s;107;107;1;47;47;0
09h:57m:44s;220;216;4;115;114;2
10h:57m:42s;334;329;4;202;200;2
11h:57m:42s;369;367;2;214;212;3
12h:57m:41s;411;406;5;229;227;1
13h:57m:44s;424;413;11;232;223;9
14h:57m:40s;359;344;16;227;225;2
15h:57m:42s;296;288;8;238;235;3
16h:57m:39s;253;235;18;210;191;19
17h:57m:40s;143;126;14;108;94;14
18h:57m:41s;73;67;6;46;40;5
19h:57m:43s;50;44;6;27;24;3
20h:57m:42s;36;32;3;22;20;2
21h:57m:43s;27;25;2;19;17;2
22h:57m:42s;24;24;0;18;18;0
23h:57m:40s;16;14;2;12;12;0
