00h:57m:35s;12;12;0;0;0;0
01h:57m:35s;8;4;4;0;0;0
02h:57m:37s;2;2;0;0;0;0
03h:57m:38s;1;1;0;0;0;0
04h:57m:36s;1;1;0;0;0;0
05h:57m:41s;1;1;0;0;0;0
06h:57m:33s;0;0;0;0;0;0
07h:57m:41s;0;0;0;0;0;0
08h:57m:38s;2;2;0;1;1;0
09h:57m:38s;16;15;1;9;8;1
10h:57m:39s;24;23;1;16;15;1
11h:57m:35s;25;19;6;17;11;6
12h:57m:40s;28;25;3;17;14;3
13h:57m:34s;34;34;0;24;24;0
14h:57m:37s;21;19;2;12;10;2
15h:57m:39s;19;19;0;15;15;0
16h:57m:39s;19;18;2;12;10;2
17h:57m:39s;16;15;1;10;9;1
18h:57m:33s;17;17;0;10;10;0
19h:57m:37s;18;18;0;9;9;0
20h:57m:33s;17;15;2;7;6;1
21h:57m:38s;11;11;0;5;5;0
22h:57m:38s;10;9;1;6;6;0
23h:57m:36s;7;7;0;3;3;0
