00h:57m:37s;25;20;5;3;1;2
01h:57m:38s;11;10;1;1;1;0
02h:57m:38s;4;3;1;3;3;0
03h:57m:41s;3;3;0;3;3;0
04h:57m:38s;3;3;0;3;3;0
05h:57m:40s;3;3;0;3;3;0
06h:57m:38s;10;7;3;10;7;3
07h:57m:42s;12;12;1;8;7;2
08h:57m:41s;75;75;0;18;18;0
09h:57m:40s;212;210;2;87;86;1
10h:57m:41s;333;332;0;177;177;0
11h:57m:43s;399;389;12;229;221;8
12h:57m:42s;452;443;12;270;269;5
13h:57m:44s;469;448;20;280;263;19
14h:57m:44s;474;465;4;283;280;4
15h:57m:44s;489;482;7;301;295;6
16h:57m:40s;478;454;22;277;255;19
17h:57m:40s;347;321;26;159;142;17
18h:57m:38s;219;213;7;82;77;5
19h:57m:41s;151;143;9;58;53;5
20h:57m:37s;99;97;2;44;43;1
21h:57m:40s;84;81;3;38;36;2
22h:57m:41s;69;65;4;32;28;4
23h:57m:41s;56;51;5;25;21;4
