00h:57m:39s;30;29;1;3;3;0
01h:57m:34s;10;8;2;0;0;0
02h:57m:35s;0;0;0;0;0;0
03h:57m:41s;0;0;0;0;0;0
04h:57m:33s;0;0;0;0;0;0
06h:57m:38s;15;14;1;15;14;1
07h:57m:42s;24;24;0;16;16;0
08h:57m:42s;104;104;1;29;27;3
09h:57m:42s;259;259;3;106;109;0
10h:57m:41s;440;442;1;234;233;1
11h:57m:38s;501;490;8;276;272;3
12h:57m:44s;568;565;3;320;320;1
13h:57m:41s;570;555;16;318;300;16
14h:57m:41s;561;549;13;321;312;9
15h:57m:41s;579;574;5;339;337;2
16h:57m:36s;557;539;20;323;300;23
17h:57m:40s;394;363;33;168;138;29
18h:57m:37s;214;190;24;51;39;11
19h:57m:37s;109;102;7;26;25;1
20h:57m:33s;83;81;2;21;21;0
21h:57m:39s;62;54;8;19;17;2
22h:57m:41s;53;51;2;16;14;2
23h:57m:39s;40;40;0;7;7;0
