00h:57m:33s;0;0;0;0;0;0
01h:57m:33s;0;0;0;0;0;0
02h:57m:32s;0;0;0;0;0;0
03h:57m:33s;0;0;0;0;0;0
04h:57m:33s;0;0;0;0;0;0
05h:57m:32s;8;8;0;7;7;0
06h:57m:41s;13;13;0;11;11;0
07h:57m:37s;11;11;0;7;7;0
08h:57m:43s;79;79;2;22;20;2
09h:57m:42s;223;221;2;71;71;0
10h:57m:41s;343;339;4;158;158;2
11h:57m:41s;388;383;5;184;179;5
12h:57m:40s;428;421;7;202;200;2
13h:57m:40s;438;428;9;211;207;6
14h:57m:41s;435;431;4;224;219;5
15h:57m:38s;451;441;10;244;240;6
16h:57m:39s;457;438;17;240;223;17
17h:57m:41s;333;298;31;124;96;27
18h:57m:41s;151;136;16;39;35;5
19h:57m:41s;84;81;3;23;23;1
20h:57m:40s;67;66;1;20;20;0
21h:57m:39s;62;60;2;18;17;1
22h:57m:36s;48;46;2;15;13;2
23h:57m:35s;35;34;1;8;8;0
