00h:57m:41s;0;0;0;0;0;0
01h:57m:39s;0;0;0;0;0;0
02h:57m:37s;0;0;0;0;0;0
03h:57m:37s;0;0;0;0;0;0
04h:57m:34s;0;0;0;0;0;0
05h:57m:42s;1;1;0;0;0;0
06h:57m:42s;7;6;1;5;4;1
07h:57m:43s;22;22;0;14;14;0
08h:57m:43s;61;61;0;8;8;0
09h:57m:41s;155;155;1;60;61;0
10h:57m:41s;256;250;6;135;131;5
11h:57m:42s;313;310;2;160;159;1
12h:57m:40s;362;360;3;186;183;1
13h:57m:40s;382;366;16;181;170;11
14h:57m:41s;386;373;11;195;187;8
15h:57m:41s;395;389;6;214;210;4
16h:57m:41s;402;388;15;212;201;11
17h:57m:37s;292;267;24;114;94;23
18h:57m:40s;157;144;13;39;35;4
19h:57m:39s;79;70;7;18;16;2
20h:57m:41s;58;56;2;14;13;1
21h:57m:42s;52;52;0;10;10;0
22h:57m:39s;45;43;2;10;10;0
23h:57m:40s;34;30;4;4;4;0
