00h:57m:40s;9;8;1;4;4;0
01h:57m:36s;4;4;0;4;4;0
02h:57m:38s;0;0;0;0;0;0
03h:57m:38s;0;0;0;0;0;0
04h:57m:38s;0;0;0;0;0;0
06h:57m:33s;0;0;0;0;0;0
07h:57m:41s;6;5;1;1;1;0
08h:57m:41s;43;43;0;4;4;0
09h:57m:40s;104;102;1;36;36;0
10h:57m:36s;181;179;3;96;94;3
11h:57m:39s;214;213;1;120;120;0
12h:57m:36s;238;232;5;133;131;3
13h:57m:40s;230;225;5;129;127;2
14h:57m:38s;225;223;2;134;134;0
15h:57m:38s;243;237;5;158;156;2
16h:57m:36s;242;237;5;154;149;4
17h:57m:38s;163;148;15;95;80;15
18h:57m:39s;56;51;5;21;17;4
19h:57m:33s;34;34;0;14;14;0
20h:57m:35s;30;29;1;11;11;0
21h:57m:33s;22;22;1;6;5;1
22h:57m:35s;16;16;0;3;3;0
23h:57m:33s;9;5;4;1;1;0
