00h:57m:35s;22;20;2;7;7;0
01h:57m:40s;11;9;2;7;5;2
02h:57m:40s;0;0;0;0;0;0
03h:57m:38s;0;0;0;0;0;0
04h:57m:41s;2;2;0;0;0;0
05h:57m:41s;0;0;0;0;0;0
06h:57m:37s;12;12;0;12;12;0
07h:57m:42s;24;23;1;16;16;0
08h:57m:44s;122;120;2;19;18;1
09h:57m:43s;249;247;5;88;88;2
10h:57m:42s;349;344;6;160;156;3
11h:57m:40s;377;358;23;175;171;4
12h:57m:41s;421;418;4;200;197;4
13h:57m:40s;447;438;10;205;201;4
14h:57m:43s;414;386;34;247;238;11
15h:57m:41s;296;285;11;247;238;8
16h:57m:42s;260;242;17;217;200;18
17h:57m:41s;107;92;14;83;71;12
18h:57m:41s;51;47;4;36;32;4
19h:57m:47s;28;24;4;16;16;0
20h:57m:40s;15;13;2;10;8;2
21h:57m:42s;7;7;0;6;6;0
22h:57m:37s;5;5;0;5;5;0
23h:57m:38s;4;2;2;4;2;2
