00h:57m:42s;1;1;0;0;0;0
01h:57m:38s;1;1;0;0;0;0
02h:57m:38s;1;1;0;0;0;0
03h:57m:39s;1;1;0;0;0;0
04h:57m:38s;1;1;0;0;0;0
05h:57m:42s;1;1;0;0;0;0
06h:57m:37s;0;0;0;0;0;0
07h:57m:42s;4;4;0;0;0;0
08h:57m:42s;54;55;0;12;12;0
09h:57m:41s;140;140;0;74;75;0
10h:57m:40s;231;228;3;143;141;2
11h:57m:40s;285;284;2;179;179;0
12h:57m:43s;361;343;19;216;196;20
13h:57m:43s;384;382;2;235;233;2
14h:57m:41s;400;395;7;252;248;6
15h:57m:42s;411;399;13;271;261;10
16h:57m:42s;392;372;21;260;239;22
17h:57m:43s;263;246;18;138;120;20
18h:57m:41s;121;111;10;39;37;2
19h:57m:38s;66;63;3;27;26;1
20h:57m:41s;52;49;3;21;21;0
21h:57m:39s;39;37;2;19;19;0
22h:57m:41s;29;27;2;9;9;0
23h:57m:41s;16;13;3;7;5;2
