00h:57m:41s;7;6;1;1;0;1
01h:57m:35s;3;3;0;0;0;0
02h:57m:35s;0;0;0;0;0;0
03h:57m:35s;0;0;0;0;0;0
04h:57m:35s;1;1;0;0;0;0
05h:57m:42s;1;1;0;0;0;0
06h:57m:37s;3;3;0;0;0;0
07h:57m:40s;4;4;0;0;0;0
08h:57m:39s;5;3;2;0;0;0
09h:57m:36s;5;5;0;0;0;0
10h:57m:36s;6;6;0;1;1;0
11h:57m:36s;7;7;0;2;2;0
12h:57m:37s;6;5;1;2;2;0
13h:57m:41s;4;4;0;0;0;0
14h:57m:41s;3;3;0;0;0;0
15h:57m:40s;2;2;0;0;0;0
16h:57m:38s;2;2;0;0;0;0
17h:57m:42s;2;2;0;0;0;0
18h:57m:42s;0;0;0;0;0;0
19h:57m:41s;0;0;0;0;0;0
20h:57m:41s;1;1;0;0;0;0
21h:57m:41s;0;0;0;0;0;0
22h:57m:42s;1;1;0;0;0;0
23h:57m:39s;0;0;0;0;0;0
