00h:57m:41s;7;4;2;2;2;0
01h:57m:38s;3;2;1;0;0;0
02h:57m:40s;0;0;0;0;0;0
03h:57m:36s;0;0;0;0;0;0
04h:57m:38s;0;0;0;0;0;0
05h:57m:43s;0;0;0;0;0;0
06h:57m:42s;6;4;2;5;3;2
07h:57m:40s;14;13;1;8;7;1
08h:57m:45s;75;74;2;13;13;0
09h:57m:42s;202;203;1;82;81;2
10h:57m:41s;317;318;2;176;175;5
11h:57m:39s;399;398;3;221;219;1
12h:57m:40s;451;447;5;236;235;1
13h:57m:43s;459;451;12;227;222;5
14h:57m:39s;452;445;5;233;231;2
15h:57m:43s;475;469;8;263;258;6
16h:57m:40s;465;450;13;257;250;7
17h:57m:43s;325;288;39;153;123;29
18h:57m:53s;144;124;20;46;36;10
19h:57m:39s;84;76;8;24;22;0
20h:57m:41s;49;48;1;12;12;0
21h:57m:41s;45;44;1;11;10;1
22h:57m:42s;43;41;2;9;9;0
23h:57m:38s;22;19;3;0;0;0
