00h:57m:43s;16;13;3;4;4;0
01h:57m:40s;3;3;0;1;1;0
02h:57m:39s;0;0;0;0;0;0
03h:57m:36s;0;0;0;0;0;0
04h:57m:37s;0;0;0;0;0;0
05h:57m:42s;0;0;0;0;0;0
06h:57m:40s;5;3;2;5;3;2
07h:57m:42s;19;17;1;9;9;0
08h:57m:44s;91;90;1;18;18;0
09h:57m:42s;222;219;4;71;70;1
10h:57m:42s;348;342;6;153;147;6
11h:57m:42s;411;403;10;184;182;6
12h:57m:42s;446;441;7;214;209;5
13h:57m:42s;446;442;4;205;201;5
14h:57m:43s;449;444;5;227;226;3
15h:57m:42s;454;446;8;243;243;1
16h:57m:42s;466;455;11;226;222;5
17h:57m:42s;346;325;23;142;126;18
18h:57m:41s;186;155;28;65;51;12
19h:57m:43s;69;67;2;20;18;2
20h:57m:42s;50;47;4;15;14;1
21h:57m:36s;37;32;6;12;7;5
22h:57m:41s;31;31;0;6;6;0
23h:57m:41s;25;24;1;2;2;0
