00h:57m:41s;12;12;0;1;1;0
01h:57m:36s;5;5;0;0;0;0
02h:57m:35s;1;1;0;0;0;0
03h:57m:41s;1;1;0;0;0;0
04h:57m:41s;1;1;0;0;0;0
05h:57m:43s;1;1;0;0;0;0
06h:57m:41s;11;11;0;10;10;0
07h:57m:42s;18;18;0;11;10;1
08h:57m:45s;64;62;0;15;15;0
09h:57m:43s;131;130;2;44;45;0
10h:57m:42s;198;197;1;84;83;1
11h:57m:43s;259;256;2;115;115;1
12h:57m:39s;299;299;1;123;123;0
13h:57m:42s;311;303;8;126;120;7
14h:57m:39s;273;260;13;114;114;0
15h:57m:43s;252;252;1;116;115;1
16h:57m:36s;242;231;12;98;87;10
17h:57m:42s;165;142;23;47;40;7
18h:57m:42s;83;79;4;14;14;0
19h:57m:40s;39;38;1;5;5;0
20h:57m:42s;24;24;0;5;5;0
21h:57m:41s;24;23;1;4;4;0
22h:57m:43s;19;19;0;1;1;0
23h:57m:36s;13;13;0;0;0;0
