00h:57m:43s;12;11;1;1;1;0
01h:57m:39s;5;5;0;1;1;0
02h:57m:39s;0;0;0;0;0;0
03h:57m:41s;0;0;0;0;0;0
04h:57m:41s;0;0;0;0;0;0
05h:57m:43s;0;0;0;0;0;0
06h:57m:42s;9;9;0;9;9;0
07h:57m:42s;13;7;6;9;7;2
08h:57m:41s;70;68;2;20;18;2
09h:57m:43s;169;169;4;68;66;2
10h:57m:41s;239;235;4;113;113;4
11h:57m:41s;297;298;2;155;155;0
12h:57m:42s;342;337;3;173;172;1
13h:57m:42s;332;325;7;168;165;3
14h:57m:40s;293;267;27;172;160;11
15h:57m:42s;227;217;10;171;163;8
16h:57m:41s;198;187;11;158;147;11
17h:57m:43s;139;114;25;95;71;26
18h:57m:40s;65;58;7;32;27;5
19h:57m:48s;44;42;2;20;20;0
20h:57m:44s;28;20;8;14;10;4
21h:57m:43s;18;17;1;10;9;1
22h:57m:42s;10;10;0;3;3;0
23h:57m:41s;3;3;0;1;1;0
