00h:57m:37s;17;15;2;4;4;0
01h:57m:37s;10;9;1;2;2;0
02h:57m:38s;0;0;0;0;0;0
03h:57m:36s;0;0;0;0;0;0
04h:57m:36s;0;0;0;0;0;0
05h:57m:39s;1;1;0;1;1;0
06h:57m:40s;2;2;0;1;1;0
07h:57m:42s;10;10;0;6;6;0
08h:57m:42s;72;69;1;18;18;0
09h:57m:38s;222;222;4;117;114;4
10h:57m:41s;339;337;4;207;206;2
11h:57m:43s;416;414;5;258;256;3
12h:57m:38s;492;483;8;293;286;6
13h:57m:43s;499;497;1;290;292;1
14h:57m:42s;521;517;5;321;316;6
15h:57m:40s;550;544;6;345;341;3
16h:57m:44s;527;494;35;323;290;34
17h:57m:40s;371;338;32;177;147;34
18h:57m:38s;211;179;29;68;56;12
19h:57m:37s;106;98;7;43;41;2
20h:57m:37s;79;77;2;34;34;0
21h:57m:35s;68;65;3;30;27;3
22h:57m:42s;62;59;3;23;22;1
23h:57m:37s;46;39;6;16;13;3
