00h:57m:32s;20;20;0;5;5;0
01h:57m:34s;13;12;1;2;2;0
02h:57m:43s;0;0;0;0;0;0
03h:57m:32s;0;0;0;0;0;0
04h:57m:32s;0;0;0;0;0;0
05h:57m:39s;0;0;0;0;0;0
06h:57m:33s;8;8;0;8;8;0
07h:57m:39s;17;17;0;9;9;0
08h:57m:39s;65;65;0;21;21;0
09h:57m:36s;154;154;0;76;76;0
10h:57m:40s;253;248;6;156;152;4
11h:57m:39s;308;308;0;191;191;0
12h:57m:42s;359;355;4;226;223;2
13h:57m:42s;381;377;4;243;239;2
14h:57m:40s;384;370;13;262;254;7
15h:57m:41s;410;400;11;287;276;11
16h:57m:41s;394;376;18;250;229;21
17h:57m:41s;260;240;19;134;116;18
18h:57m:38s;122;118;4;45;45;0
19h:57m:38s;70;69;1;17;16;1
20h:57m:37s;54;53;1;11;11;0
21h:57m:42s;48;45;3;11;10;1
22h:57m:40s;37;36;1;6;6;0
23h:57m:38s;28;27;1;4;4;0
