00h:57m:35s;17;16;1;9;8;0
01h:57m:35s;12;11;1;7;7;0
02h:57m:40s;8;8;0;4;4;0
03h:57m:36s;7;7;0;4;4;0
04h:57m:38s;6;6;0;3;3;0
05h:57m:40s;9;9;0;4;4;0
06h:57m:43s;5;5;0;2;2;0
07h:57m:39s;6;6;0;3;3;0
08h:57m:38s;5;3;2;2;1;1
09h:57m:38s;8;8;0;3;3;0
10h:57m:40s;8;8;0;3;3;0
11h:57m:42s;6;6;0;4;4;0
12h:57m:37s;11;11;0;9;9;0
13h:57m:44s;7;6;1;5;4;1
14h:57m:41s;4;4;0;2;2;0
15h:57m:41s;5;5;0;3;3;0
16h:57m:38s;6;6;0;2;2;0
17h:57m:34s;4;4;0;2;2;0
18h:57m:40s;6;6;0;2;2;0
19h:57m:35s;6;6;0;2;2;0
20h:57m:40s;5;5;0;1;1;0
21h:57m:41s;3;3;0;0;0;0
22h:57m:40s;1;1;0;0;0;0
23h:57m:35s;1;1;0;0;0;0
