00h:57m:40s;0;0;0;0;0;0
01h:57m:33s;0;0;0;0;0;0
02h:57m:34s;0;0;0;0;0;0
03h:57m:40s;0;0;0;0;0;0
04h:57m:38s;0;0;0;0;0;0
05h:57m:39s;0;0;0;0;0;0
06h:57m:45s;7;7;0;7;7;0
07h:57m:47s;14;14;0;8;9;0
08h:57m:52s;46;45;1;8;8;0
09h:57m:44s;140;141;1;61;62;0
10h:57m:41s;250;247;2;126;124;2
11h:57m:43s;285;283;3;141;138;4
12h:57m:43s;353;354;0;178;179;2
13h:57m:43s;378;370;6;182;180;2
14h:57m:40s;378;374;6;195;194;2
15h:57m:43s;372;362;11;207;201;7
16h:57m:41s;334;326;8;179;170;10
17h:57m:41s;267;240;26;103;84;16
18h:57m:43s;170;159;10;50;43;7
19h:57m:42s;107;96;11;32;31;1
20h:57m:43s;72;68;4;22;21;1
21h:57m:44s;58;56;2;16;16;0
22h:57m:42s;42;39;3;11;11;0
23h:57m:42s;29;29;0;7;7;0
