00h:57m:41s;18;16;2;0;0;0
01h:57m:39s;5;3;2;0;0;0
02h:57m:42s;0;0;0;0;0;0
03h:57m:40s;1;0;0;0;0;0
04h:57m:42s;0;0;0;0;0;0
05h:57m:42s;1;1;0;0;0;0
06h:57m:41s;8;8;0;7;7;0
07h:57m:43s;18;18;0;12;12;0
08h:57m:41s;114;106;6;35;30;6
09h:57m:43s;242;240;3;102;101;1
10h:57m:42s;342;335;5;183;180;3
11h:57m:40s;397;395;4;224;221;3
12h:57m:39s;446;441;4;259;257;1
13h:57m:42s;453;442;9;259;257;2
14h:57m:43s;459;447;10;282;279;9
15h:57m:44s;475;456;16;308;301;8
16h:57m:41s;467;445;25;293;268;25
17h:57m:43s;322;271;50;156;112;44
18h:57m:43s;147;139;9;35;31;4
19h:57m:42s;84;77;6;15;12;3
20h:57m:41s;51;45;6;8;8;0
21h:57m:42s;36;33;3;6;6;0
22h:57m:40s;27;27;0;4;4;0
23h:57m:40s;22;20;2;2;2;0
