00h:57m:36s;0;0;0;0;0;0
01h:57m:34s;1;1;0;1;1;0
02h:57m:36s;0;0;0;0;0;0
03h:57m:34s;0;0;0;0;0;0
04h:57m:40s;0;0;0;0;0;0
05h:57m:35s;0;0;0;0;0;0
06h:57m:42s;6;5;1;6;5;1
07h:57m:42s;13;12;1;8;7;1
09h:57m:49s;122;121;1;52;52;0
10h:57m:43s;204;203;2;121;120;0
11h:57m:44s;264;264;0;160;160;0
12h:57m:42s;291;285;7;178;177;1
13h:57m:42s;318;314;4;192;192;0
14h:57m:42s;323;318;3;205;207;0
15h:57m:41s;324;320;6;217;217;0
16h:57m:41s;330;316;14;217;201;17
17h:57m:38s;246;228;19;135;119;16
18h:57m:42s;134;120;14;49;44;5
19h:57m:36s;65;60;6;23;20;3
20h:57m:42s;53;52;1;18;18;0
21h:57m:45s;46;44;2;15;15;0
22h:57m:38s;40;38;2;11;11;0
23h:57m:36s;35;31;4;8;8;0
