00h:57m:36s;12;12;0;7;7;0
01h:57m:36s;7;7;0;4;4;0
02h:57m:36s;1;1;0;0;0;0
03h:57m:36s;0;0;0;0;0;0
04h:57m:36s;0;0;0;0;0;0
05h:57m:34s;1;1;0;0;0;0
06h:57m:34s;0;0;0;0;0;0
07h:57m:35s;0;0;0;0;0;0
08h:57m:37s;2;2;0;1;1;0
09h:57m:35s;7;7;0;6;6;0
10h:57m:35s;14;14;0;12;12;0
11h:57m:39s;20;20;0;18;18;0
12h:57m:39s;24;24;0;22;22;0
13h:57m:37s;26;26;0;24;24;0
14h:57m:38s;16;16;0;14;14;0
15h:57m:38s;11;11;0;10;10;0
16h:57m:37s;7;7;0;5;5;0
17h:57m:35s;6;6;0;3;3;0
18h:57m:35s;4;4;0;0;0;0
19h:57m:36s;4;3;1;0;0;0
20h:57m:36s;3;3;0;0;0;0
21h:57m:37s;3;3;0;0;0;0
22h:57m:35s;2;2;0;0;0;0
23h:57m:35s;1;1;0;0;0;0
