00h:57m:43s;1;1;0;0;0;0
01h:57m:38s;1;1;0;0;0;0
02h:57m:39s;1;1;0;0;0;0
03h:57m:45s;1;1;0;0;0;0
04h:57m:38s;1;1;0;0;0;0
05h:57m:42s;1;1;0;0;0;0
06h:57m:43s;8;7;1;7;6;1
07h:57m:43s;13;13;0;10;10;0
08h:57m:44s;54;54;0;20;20;0
09h:57m:42s;156;156;1;84;84;0
10h:57m:43s;267;265;2;168;167;1
11h:57m:43s;318;314;3;201;199;2
12h:57m:41s;375;369;7;231;227;4
13h:57m:45s;389;381;8;237;230;7
14h:57m:42s;379;377;2;237;235;2
15h:57m:42s;376;370;5;230;226;4
16h:57m:42s;362;352;11;210;197;15
17h:57m:41s;258;236;21;118;100;17
18h:57m:43s;127;118;8;29;24;5
19h:57m:42s;76;73;3;20;19;1
20h:57m:42s;56;55;1;15;15;0
21h:57m:43s;44;43;1;14;14;0
22h:57m:42s;41;38;3;8;6;2
23h:57m:41s;21;19;2;2;1;1
