00h:57m:37s;34;28;6;16;12;4
01h:57m:36s;16;11;5;10;7;3
02h:57m:37s;0;0;0;0;0;0
03h:57m:42s;1;1;0;0;0;0
04h:57m:36s;1;1;0;0;0;0
05h:57m:41s;1;1;0;0;0;0
06h:57m:39s;10;10;0;10;10;0
07h:57m:42s;14;14;0;9;8;1
08h:57m:38s;83;83;0;34;34;0
09h:57m:38s;202;201;3;100;97;3
10h:57m:37s;300;297;3;166;164;3
11h:57m:41s;356;346;9;198;193;5
12h:57m:42s;399;389;12;234;226;6
13h:57m:42s;410;405;8;232;227;6
14h:57m:41s;425;416;8;257;254;3
15h:57m:40s;441;435;5;274;273;1
16h:57m:37s;452;428;25;260;245;20
17h:57m:39s;330;304;24;142;120;18
18h:57m:39s;170;157;13;57;53;4
19h:57m:35s;95;90;5;31;31;0
20h:57m:40s;65;59;6;19;19;0
21h:57m:41s;57;50;7;21;17;4
22h:57m:40s;50;45;5;17;14;3
23h:57m:38s;42;39;3;9;9;0
