00h:57m:42s;14;14;0;2;2;0
01h:57m:39s;4;4;0;2;2;0
02h:57m:41s;1;1;0;0;0;0
03h:57m:40s;0;0;0;0;0;0
04h:57m:40s;0;0;0;0;0;0
05h:57m:43s;0;0;0;0;0;0
06h:57m:42s;9;9;0;8;8;0
07h:57m:42s;15;15;0;8;8;0
08h:57m:44s;70;68;2;20;20;0
09h:57m:41s;190;184;5;85;80;5
10h:57m:42s;301;300;1;156;154;2
11h:57m:42s;374;373;5;199;197;3
12h:57m:40s;391;389;3;204;204;2
13h:57m:42s;415;403;13;209;202;7
14h:57m:44s;424;419;8;239;233;5
15h:57m:43s;437;433;7;258;254;5
16h:57m:42s;463;447;15;248;233;14
17h:57m:45s;323;287;33;121;96;27
18h:57m:43s;178;163;15;46;43;4
19h:57m:42s;91;84;7;22;22;0
20h:57m:43s;66;66;0;17;16;0
21h:57m:40s;59;57;2;15;15;0
22h:57m:42s;49;45;4;10;8;2
23h:57m:43s;35;34;1;3;3;0
