00h:57m:51s;6;5;1;0;0;0
01h:57m:38s;1;1;0;0;0;0
02h:57m:41s;0;0;0;0;0;0
03h:57m:39s;0;0;0;0;0;0
04h:57m:35s;0;0;0;0;0;0
05h:57m:40s;0;0;0;0;0;0
06h:57m:43s;10;10;0;10;10;0
07h:57m:44s;13;13;0;12;12;0
08h:57m:45s;37;36;1;10;9;1
09h:57m:42s;74;72;2;13;13;0
10h:57m:41s;102;101;2;34;32;2
11h:57m:42s;117;117;0;42;42;0
12h:57m:41s;123;121;2;44;43;2
13h:57m:42s;123;119;5;49;49;0
14h:57m:40s;99;93;6;56;56;0
15h:57m:39s;67;64;3;48;46;2
16h:57m:40s;52;49;3;37;34;3
17h:57m:42s;17;16;1;7;6;1
18h:57m:41s;9;9;0;1;1;0
19h:57m:41s;8;7;1;1;1;0
20h:57m:42s;6;6;0;1;1;0
21h:57m:39s;6;6;0;1;1;0
22h:57m:42s;2;2;0;0;0;0
23h:57m:40s;2;2;0;0;0;0
