04h:57m:37s;1;1;0;0;0;0
05h:57m:42s;1;1;0;0;0;0
06h:57m:41s;12;12;0;10;10;0
07h:57m:41s;13;13;0;1;1;0
08h:57m:44s;68;68;0;14;14;0
09h:57m:41s;131;132;2;57;57;2
10h:57m:38s;256;252;5;140;141;1
11h:57m:39s;329;326;4;190;189;1
12h:57m:39s;404;400;2;222;219;3
13h:57m:40s;424;410;14;223;217;5
14h:57m:41s;428;419;9;242;237;7
15h:57m:43s;430;424;7;261;256;4
16h:57m:41s;452;438;13;249;241;7
17h:57m:43s;348;311;35;157;123;32
18h:57m:41s;170;152;18;58;49;9
19h:57m:43s;93;84;9;29;27;2
20h:57m:41s;66;59;7;26;21;5
21h:57m:42s;56;51;5;17;16;1
22h:57m:40s;47;44;3;16;16;2
23h:57m:40s;27;26;1;6;6;0
