00h:57m:39s;17;17;0;5;5;0
01h:57m:36s;7;7;0;4;4;0
02h:57m:40s;1;1;0;0;0;0
03h:57m:44s;1;1;0;0;0;0
04h:57m:38s;1;1;0;0;0;0
05h:57m:43s;1;1;0;0;0;0
06h:57m:39s;8;7;0;6;6;0
07h:57m:42s;12;12;0;8;8;0
08h:57m:41s;81;81;1;25;25;0
09h:57m:40s;164;162;1;71;72;1
10h:57m:41s;270;266;3;150;148;1
11h:57m:44s;320;318;2;181;179;1
12h:57m:45s;377;374;5;222;217;7
13h:57m:44s;378;373;6;215;212;5
14h:57m:44s;385;381;3;238;238;0
15h:57m:44s;405;402;3;256;252;5
16h:57m:48s;389;368;20;236;214;23
17h:57m:41s;278;257;21;139;122;19
18h:57m:42s;143;136;6;48;44;3
19h:57m:42s;87;80;9;33;28;5
20h:57m:41s;58;57;0;23;23;0
21h:57m:38s;51;46;5;21;20;1
22h:57m:42s;37;35;2;13;12;1
23h:57m:40s;31;26;5;9;5;4
