00h:57m:34s;0;0;0;0;0;0
01h:57m:36s;0;0;0;0;0;0
02h:57m:34s;0;0;0;0;0;0
03h:57m:41s;0;0;0;0;0;0
04h:57m:32s;0;0;0;0;0;0
05h:57m:41s;0;0;0;0;0;0
06h:57m:38s;6;6;0;6;6;0
07h:57m:42s;7;7;0;7;7;0
08h:57m:43s;56;55;1;19;18;1
09h:57m:42s;134;134;0;56;58;0
10h:57m:43s;206;206;0;112;112;0
11h:57m:43s;258;252;7;151;145;5
12h:57m:44s;305;304;2;179;176;3
13h:57m:44s;317;313;4;187;183;4
14h:57m:43s;322;317;5;193;190;3
15h:57m:42s;331;326;5;198;193;5
16h:57m:41s;352;340;11;209;197;12
17h:57m:40s;241;224;17;103;88;16
18h:57m:39s;125;118;7;29;29;0
19h:57m:40s;74;69;5;22;22;0
20h:57m:35s;53;53;0;13;13;0
21h:57m:37s;43;42;1;11;11;0
22h:57m:49s;39;36;3;8;6;2
23h:57m:41s;24;21;3;2;1;1
