00h:57m:41s;15;13;2;3;2;1
01h:57m:40s;4;4;0;0;0;0
02h:57m:41s;2;2;0;0;0;0
03h:57m:42s;2;2;0;0;0;0
04h:57m:40s;1;1;0;0;0;0
05h:57m:39s;1;1;0;0;0;0
06h:57m:45s;10;9;1;8;7;1
07h:57m:41s;22;22;0;14;14;0
08h:57m:41s;86;85;0;28;29;0
09h:57m:43s;205;204;1;87;87;1
10h:57m:42s;314;308;5;156;154;2
11h:57m:41s;371;364;5;194;193;1
12h:57m:40s;420;410;10;238;228;10
13h:57m:39s;412;406;8;215;208;6
14h:57m:39s;408;395;18;225;216;8
15h:57m:40s;445;429;20;250;236;12
16h:57m:38s;434;415;20;238;226;12
17h:57m:41s;323;296;24;135;114;22
18h:57m:40s;167;158;10;52;44;8
19h:57m:41s;84;78;6;27;27;0
20h:57m:39s;57;53;4;18;16;2
21h:57m:41s;42;38;4;12;8;4
22h:57m:43s;25;23;2;3;2;1
23h:57m:37s;15;15;0;1;1;0
