00h:57m:44s;21;17;4;1;1;0
01h:57m:40s;3;1;2;1;0;1
02h:57m:40s;1;1;0;0;0;0
03h:57m:40s;2;2;0;0;0;0
04h:57m:41s;2;2;0;0;0;0
06h:57m:38s;13;13;0;9;9;0
07h:57m:43s;11;11;0;9;9;0
08h:57m:43s;88;89;0;18;18;0
09h:57m:42s;246;238;7;94;91;4
10h:57m:37s;359;341;21;174;165;7
11h:57m:42s;405;400;5;206;203;3
12h:57m:41s;452;450;3;219;218;1
13h:57m:39s;455;438;15;217;208;8
14h:57m:43s;455;451;4;235;230;5
15h:57m:43s;470;459;12;248;243;6
16h:57m:43s;479;457;23;250;232;17
17h:57m:43s;331;295;36;132;109;22
18h:57m:43s;175;143;31;52;35;17
19h:57m:39s;110;102;8;36;31;5
20h:57m:37s;73;73;0;20;20;0
21h:57m:38s;65;65;0;16;16;0
22h:57m:37s;63;61;2;14;14;0
23h:57m:37s;43;39;4;10;10;0
