00h:57m:42s;11;11;0;0;0;0
01h:57m:33s;1;1;0;0;0;0
02h:57m:41s;0;0;0;0;0;0
03h:57m:41s;0;0;0;0;0;0
04h:57m:39s;0;0;0;0;0;0
05h:57m:42s;0;0;0;0;0;0
06h:57m:41s;8;8;0;8;8;0
07h:57m:40s;14;12;1;9;8;1
08h:57m:43s;57;57;0;13;13;0
09h:57m:40s;125;119;8;34;31;4
10h:57m:42s;189;180;11;78;66;11
11h:57m:46s;201;197;2;79;79;0
12h:57m:47s;225;220;5;90;85;6
13h:57m:42s;200;188;13;72;68;3
14h:57m:43s;148;135;13;75;74;2
15h:57m:41s;96;87;8;65;57;8
16h:57m:39s;65;56;10;39;31;7
17h:57m:42s;27;26;1;11;10;1
18h:57m:41s;15;15;0;8;8;0
19h:57m:45s;15;15;0;8;8;0
20h:57m:40s;7;5;2;5;4;1
21h:57m:37s;5;5;0;4;4;0
22h:57m:38s;4;4;0;3;3;0
23h:57m:38s;4;4;0;3;3;0
