00h:57m:42s;2;2;0;0;0;0
01h:57m:37s;3;3;0;0;0;0
02h:57m:41s;0;0;0;0;0;0
03h:57m:39s;0;0;0;0;0;0
04h:57m:38s;0;0;0;0;0;0
05h:57m:38s;0;0;0;0;0;0
06h:57m:35s;0;0;0;0;0;0
07h:57m:40s;1;1;0;0;0;0
08h:57m:40s;4;4;0;3;3;0
09h:57m:35s;7;7;0;6;7;0
10h:57m:36s;27;27;0;25;25;0
11h:57m:33s;33;33;0;28;28;0
12h:57m:46s;31;31;0;27;27;0
13h:57m:39s;31;31;0;28;28;0
14h:57m:39s;19;16;3;16;14;2
15h:57m:38s;14;13;1;13;12;1
16h:57m:36s;12;12;0;11;11;0
17h:57m:40s;6;4;2;6;4;2
18h:57m:40s;5;4;1;4;4;0
19h:57m:36s;4;4;0;4;4;0
20h:57m:41s;2;2;0;2;2;0
21h:57m:40s;0;0;0;0;0;0
22h:57m:40s;0;0;0;0;0;0
23h:57m:44s;0;0;0;0;0;0
