00h:57m:40s;17;15;2;3;2;1
01h:57m:42s;1;1;0;0;0;0
02h:57m:42s;0;0;0;0;0;0
03h:57m:42s;0;0;0;0;0;0
04h:57m:38s;0;0;0;0;0;0
05h:57m:42s;0;0;0;0;0;0
06h:57m:39s;1;1;0;0;0;0
07h:57m:42s;10;10;0;2;2;0
09h:57m:38s;181;176;5;72;71;2
10h:57m:38s;319;312;8;182;177;5
11h:57m:37s;366;361;3;219;218;3
12h:57m:41s;400;389;11;231;223;8
13h:57m:41s;400;389;13;201;194;6
14h:57m:39s;349;328;21;221;219;2
15h:57m:39s;301;293;8;242;236;5
16h:57m:36s;272;249;24;222;197;24
17h:57m:40s;140;132;7;88;81;7
18h:57m:43s;83;79;4;34;32;2
19h:57m:37s;54;48;6;19;19;0
20h:57m:39s;40;39;1;15;15;0
21h:57m:37s;28;28;0;14;14;0
22h:57m:40s;28;25;3;11;8;3
23h:57m:34s;10;10;0;4;4;0
