00h:57m:38s;25;20;5;6;6;0
01h:57m:38s;16;8;8;4;3;1
02h:57m:37s;0;0;0;0;0;0
03h:57m:36s;0;0;0;0;0;0
04h:57m:40s;0;0;0;0;0;0
05h:57m:39s;0;0;0;0;0;0
06h:57m:40s;5;4;1;5;4;1
07h:57m:43s;8;8;0;3;3;0
08h:57m:44s;74;75;0;18;18;0
09h:57m:41s;213;203;4;104;101;3
10h:57m:45s;288;286;4;155;153;3
11h:57m:41s;353;351;4;200;198;2
12h:57m:44s;0;297;8;224;215;10
13h:57m:39s;405;382;25;230;220;0
14h:57m:42s;346;328;16;243;242;0
15h:57m:43s;290;287;3;247;241;6
16h:57m:38s;248;232;17;208;188;22
17h:57m:38s;128;113;15;95;83;12
18h:57m:37s;67;64;3;37;35;2
19h:57m:40s;50;48;2;26;26;0
20h:57m:39s;38;33;5;21;17;4
21h:57m:40s;27;25;2;16;14;2
22h:57m:41s;23;21;2;13;12;1
23h:57m:39s;14;11;3;8;7;1
