00h:57m:33s;22;21;1;5;5;0
01h:57m:36s;12;11;1;5;4;1
02h:57m:39s;0;0;0;0;0;0
03h:57m:44s;0;0;0;0;0;0
04h:57m:38s;0;0;0;0;0;0
05h:57m:45s;0;0;0;0;0;0
06h:57m:41s;7;7;0;8;8;0
07h:57m:45s;11;11;0;10;10;0
08h:57m:41s;67;67;0;16;16;0
09h:57m:46s;127;128;0;42;43;0
10h:57m:47s;215;211;5;109;108;2
11h:58m:14s;242;241;1;127;126;1
12h:57m:51s;278;277;1;146;145;1
13h:57m:48s;296;292;4;149;148;2
14h:57m:41s;250;235;16;144;140;3
15h:57m:43s;189;178;11;140;132;10
16h:57m:39s;139;129;10;101;92;9
17h:57m:38s;88;83;3;57;54;3
18h:57m:32s;62;59;3;41;40;1
19h:57m:42s;44;44;0;29;29;0
20h:57m:33s;33;30;3;22;21;1
21h:57m:41s;25;21;4;14;10;4
22h:57m:49s;16;16;0;10;10;0
23h:57m:39s;16;16;0;10;10;0
