00h:57m:42s;12;12;0;1;1;0
01h:57m:39s;7;7;0;0;0;0
02h:57m:39s;1;1;0;0;0;0
03h:57m:45s;1;1;0;0;0;0
04h:57m:40s;1;1;0;0;0;0
05h:57m:42s;1;1;0;0;0;0
06h:57m:42s;8;7;0;7;7;0
07h:57m:41s;16;16;0;7;7;0
08h:57m:42s;82;83;0;17;17;0
09h:57m:42s;215;210;3;93;92;1
10h:57m:39s;304;302;2;163;162;3
11h:57m:38s;364;357;8;198;195;3
12h:57m:40s;416;415;3;222;220;2
13h:57m:44s;410;400;10;215;209;8
14h:57m:43s;409;405;5;232;230;2
15h:57m:43s;423;413;8;248;241;7
16h:57m:42s;443;425;17;249;230;23
17h:57m:41s;309;273;34;139;116;25
18h:57m:42s;133;123;11;38;35;3
19h:57m:41s;68;67;2;24;23;1
20h:57m:44s;54;54;0;20;20;0
21h:57m:42s;42;42;0;22;22;0
22h:57m:43s;33;27;6;15;10;5
23h:57m:40s;16;16;0;3;3;0
