00h:57m:40s;2;2;0;0;0;0
01h:57m:36s;1;1;0;0;0;0
02h:57m:35s;1;1;0;0;0;0
03h:57m:47s;2;1;0;0;0;0
04h:57m:35s;1;1;0;0;0;0
05h:57m:43s;2;2;0;0;0;0
06h:57m:39s;6;7;0;3;3;0
07h:57m:42s;14;14;0;7;7;0
08h:57m:43s;72;69;3;14;14;0
09h:57m:41s;179;181;0;72;73;0
10h:57m:42s;271;267;5;137;135;2
11h:57m:43s;322;322;3;167;165;3
12h:57m:42s;358;354;6;197;192;5
13h:57m:42s;377;365;11;203;195;8
14h:57m:42s;395;388;7;234;228;5
15h:57m:40s;416;413;4;247;244;3
16h:57m:41s;434;428;7;248;241;7
17h:57m:41s;310;286;25;156;132;22
18h:57m:39s;146;134;12;60;51;9
19h:57m:38s;74;68;6;31;27;4
20h:57m:40s;61;61;0;22;22;0
21h:57m:38s;53;49;4;18;18;0
22h:57m:39s;48;47;1;17;16;1
23h:57m:40s;30;28;2;12;12;0
