00h:57m:50s;5;5;0;1;1;0
01h:57m:38s;4;4;0;0;0;0
02h:57m:37s;1;1;0;0;0;0
03h:57m:39s;1;1;0;0;0;0
04h:57m:35s;1;1;0;0;0;0
05h:57m:43s;1;1;0;0;0;0
06h:57m:43s;11;11;0;9;9;0
07h:57m:41s;15;14;1;12;11;1
08h:57m:43s;42;41;2;12;10;2
09h:57m:41s;64;64;0;16;16;0
10h:57m:36s;108;107;1;40;39;1
11h:57m:42s;130;128;1;45;44;1
12h:57m:38s;148;147;1;62;62;0
13h:57m:44s;148;147;1;58;56;3
14h:57m:41s;160;156;2;63;63;0
15h:57m:40s;147;145;2;66;66;0
16h:57m:40s;148;144;5;66;60;8
17h:57m:42s;102;96;7;33;29;5
18h:57m:43s;43;40;3;5;4;1
19h:57m:41s;27;27;0;4;4;0
20h:57m:42s;22;22;0;4;4;0
21h:57m:37s;16;16;0;4;4;0
22h:57m:43s;10;10;0;1;1;0
23h:57m:41s;7;7;0;0;0;0
