00h:57m:39s;20;16;4;5;5;0
01h:57m:36s;10;7;3;4;1;3
02h:57m:37s;0;0;0;0;0;0
03h:57m:41s;0;0;0;0;0;0
04h:57m:35s;2;2;0;0;0;0
05h:57m:42s;2;2;0;0;0;0
06h:57m:39s;14;14;0;11;11;0
07h:57m:42s;26;27;0;15;15;0
08h:57m:43s;120;119;3;34;36;0
09h:57m:40s;275;262;14;130;112;18
10h:57m:44s;418;417;7;242;240;4
11h:57m:40s;471;468;4;285;281;5
12h:57m:44s;478;469;8;280;275;5
13h:57m:43s;465;449;19;261;250;10
14h:57m:43s;450;440;10;291;288;3
15h:57m:42s;360;350;10;283;276;7
16h:57m:39s;316;294;22;249;228;21
17h:57m:42s;174;157;17;108;91;17
18h:57m:37s;94;88;6;41;38;3
19h:57m:42s;66;66;0;28;29;0
20h:57m:53s;50;46;4;25;25;0
21h:57m:40s;32;30;2;22;22;0
22h:57m:41s;24;20;4;16;13;3
23h:57m:38s;13;12;1;6;6;0
