00h:57m:40s;5;5;0;0;0;0
01h:57m:40s;7;5;1;0;0;0
02h:57m:39s;2;1;0;0;0;0
03h:57m:40s;2;1;0;0;0;0
04h:57m:42s;0;0;0;0;0;0
05h:57m:41s;2;2;0;0;0;0
06h:57m:39s;0;0;0;0;0;0
07h:57m:43s;23;21;2;9;7;2
08h:57m:44s;91;88;3;22;21;2
09h:57m:43s;211;206;4;78;78;2
10h:57m:43s;346;340;6;183;180;4
11h:57m:42s;399;390;8;210;203;6
12h:57m:43s;442;436;7;233;225;5
13h:57m:44s;433;425;6;216;212;4
14h:57m:42s;429;420;9;232;228;3
15h:57m:42s;428;407;20;247;237;9
16h:57m:43s;424;413;13;238;224;13
17h:57m:42s;308;283;23;130;111;17
18h:57m:43s;168;156;13;47;42;5
19h:57m:41s;97;93;4;25;24;1
20h:57m:43s;71;65;6;19;17;2
21h:57m:42s;54;53;1;17;16;1
22h:57m:43s;45;40;5;11;11;0
23h:57m:40s;31;30;1;8;8;0
