00h:57m:42s;1;1;0;0;0;0
01h:57m:37s;0;0;0;0;0;0
02h:57m:40s;0;0;0;0;0;0
03h:57m:41s;0;0;0;0;0;0
04h:57m:40s;0;0;0;0;0;0
05h:57m:41s;0;0;0;0;0;0
06h:57m:40s;10;10;0;8;8;0
07h:57m:43s;15;15;0;10;10;0
08h:57m:44s;73;76;2;19;19;1
09h:57m:41s;197;196;1;80;81;0
10h:57m:45s;328;320;7;172;167;5
11h:57m:43s;379;366;16;213;201;14
12h:57m:43s;418;413;6;239;234;5
13h:57m:43s;446;431;12;245;240;4
14h:57m:41s;437;429;6;253;248;7
15h:57m:41s;465;456;7;273;270;5
16h:57m:41s;485;466;20;276;255;20
17h:57m:40s;331;293;40;152;115;35
18h:57m:43s;152;141;11;52;48;4
19h:57m:40s;103;101;2;35;34;1
20h:57m:42s;76;74;2;31;30;1
21h:57m:39s;58;57;1;26;26;0
22h:57m:41s;57;54;3;24;21;3
23h:57m:42s;30;27;3;5;3;2
