00h:57m:43s;6;5;1;2;2;0
01h:57m:42s;5;5;0;2;2;0
02h:57m:42s;1;1;0;0;0;0
03h:57m:41s;1;1;0;0;0;0
04h:57m:36s;0;0;0;0;0;0
05h:57m:41s;1;1;0;0;0;0
06h:57m:40s;5;5;0;5;5;0
07h:57m:41s;17;16;1;9;8;1
08h:57m:42s;87;86;2;21;22;0
09h:57m:39s;221;220;2;86;84;2
10h:57m:40s;329;326;3;179;177;2
11h:57m:43s;358;358;4;190;187;4
12h:57m:43s;438;434;4;234;230;4
13h:57m:46s;464;448;17;237;230;7
14h:57m:43s;471;466;6;259;256;3
15h:57m:41s;495;478;19;287;278;10
16h:57m:43s;480;467;16;268;252;16
17h:57m:43s;349;308;43;156;128;28
18h:57m:42s;163;150;13;39;33;6
19h:57m:42s;100;90;9;27;26;1
20h:57m:43s;69;68;1;22;22;0
21h:57m:42s;53;51;2;20;18;1
22h:57m:41s;39;34;5;11;10;1
23h:57m:42s;30;27;3;7;5;2
