00h:57m:40s;0;0;0;0;0;0
01h:57m:37s;0;0;0;0;0;0
02h:57m:39s;0;0;0;0;0;0
02h:57m:39s;0;0;0;0;0;0
03h:57m:37s;1;1;0;0;0;0
04h:57m:37s;0;0;0;0;0;0
05h:57m:37s;0;0;0;0;0;0
06h:57m:36s;1;1;0;0;0;0
07h:57m:37s;0;0;0;0;0;0
08h:57m:39s;2;2;0;2;2;0
09h:57m:41s;2;2;0;2;2;0
10h:57m:40s;5;3;2;3;3;0
11h:57m:39s;9;2;7;3;2;1
12h:57m:38s;7;1;6;1;1;0
13h:57m:40s;7;1;6;1;1;0
14h:57m:37s;7;1;6;1;1;0
15h:57m:37s;1;1;0;1;1;0
16h:57m:38s;1;1;0;1;1;0
17h:57m:33s;3;3;0;3;3;0
18h:57m:34s;3;2;1;1;0;1
19h:57m:36s;1;1;0;0;0;0
20h:57m:33s;2;2;0;0;0;0
21h:57m:33s;2;2;0;0;0;0
22h:57m:33s;4;3;1;0;0;0
23h:57m:32s;0;0;0;0;0;0
