00h:57m:42s;15;13;2;2;2;0
01h:57m:33s;3;2;1;0;0;0
02h:57m:37s;0;0;0;0;0;0
03h:57m:40s;0;0;0;0;0;0
04h:57m:38s;0;0;0;0;0;0
05h:57m:40s;0;0;0;0;0;0
06h:57m:40s;10;7;3;10;7;3
07h:57m:43s;14;13;0;11;11;0
08h:57m:44s;72;72;0;19;19;0
09h:57m:41s;176;171;7;74;69;5
10h:57m:42s;284;286;1;150;151;0
11h:57m:37s;303;300;5;163;159;4
12h:57m:42s;310;308;4;159;155;4
13h:57m:38s;309;297;13;150;144;6
14h:57m:38s;259;250;10;149;146;3
15h:57m:42s;192;180;12;152;141;11
16h:57m:40s;159;143;16;123;112;12
17h:57m:42s;63;58;5;39;33;6
18h:57m:40s;39;36;3;19;18;1
19h:57m:46s;28;23;5;15;11;4
20h:57m:39s;20;20;0;11;11;0
21h:57m:41s;11;10;1;6;6;0
22h:57m:43s;5;5;0;3;3;0
23h:57m:33s;3;3;0;0;0;0
