00h:57m:39s;16;12;4;1;1;0
01h:57m:36s;7;5;1;1;1;0
02h:57m:36s;0;0;0;0;0;0
03h:57m:41s;0;0;0;0;0;0
04h:57m:38s;0;0;0;0;0;0
05h:57m:40s;0;0;0;0;0;0
06h:57m:38s;8;8;0;8;8;0
07h:57m:40s;13;12;1;11;11;0
08h:57m:42s;70;71;0;19;19;0
09h:57m:38s;154;154;0;65;64;1
10h:57m:40s;246;243;3;125;123;2
11h:57m:39s;284;281;2;159;160;1
12h:57m:37s;330;327;2;183;178;3
13h:57m:38s;346;331;15;182;178;5
14h:57m:40s;306;290;15;200;195;5
15h:57m:38s;261;253;8;211;207;5
16h:57m:31s;245;227;20;205;184;21
17h:57m:38s;122;113;9;82;75;7
18h:57m:37s;71;64;7;44;38;6
19h:57m:35s;57;56;1;32;30;2
20h:57m:33s;42;42;0;23;23;0
21h:57m:37s;34;31;3;19;18;1
22h:57m:38s;27;27;0;15;15;0
23h:57m:36s;22;20;2;12;12;0
