00h:57m:36s;20;14;6;1;1;0
01h:57m:38s;12;12;0;3;3;0
02h:57m:35s;1;1;0;0;0;0
03h:57m:39s;1;1;0;0;0;0
04h:57m:38s;1;1;0;0;0;0
05h:57m:42s;1;1;0;0;0;0
06h:57m:37s;11;10;1;10;9;1
07h:57m:42s;16;16;0;14;14;0
08h:57m:41s;82;81;1;29;28;1
09h:57m:41s;211;208;4;102;100;2
10h:57m:42s;322;318;1;184;183;1
11h:57m:38s;390;388;3;235;234;0
12h:57m:41s;432;427;5;267;264;2
13h:57m:41s;440;424;15;263;256;7
14h:57m:42s;419;413;6;259;257;2
15h:57m:44s;440;426;10;273;267;7
16h:57m:40s;438;424;12;251;239;18
17h:57m:40s;290;266;22;109;92;17
18h:57m:39s;169;161;8;49;44;3
19h:57m:36s;100;93;6;33;31;2
20h:57m:39s;62;60;2;16;14;2
21h:57m:44s;55;55;0;13;13;0
22h:57m:43s;48;46;1;8;8;0
23h:57m:39s;35;29;6;7;4;3
