00h:57m:38s;15;15;0;1;1;0
01h:57m:37s;6;4;2;1;1;0
02h:57m:36s;0;0;0;0;0;0
03h:57m:39s;1;1;0;0;0;0
04h:57m:35s;0;0;0;0;0;0
05h:57m:40s;1;1;0;0;0;0
06h:57m:40s;10;7;3;6;5;1
07h:57m:43s;18;18;0;11;11;0
08h:57m:45s;81;82;0;15;16;0
09h:57m:42s;222;222;4;86;86;0
10h:57m:41s;266;264;3;118;118;1
11h:57m:40s;329;322;8;160;154;6
12h:57m:40s;373;364;11;175;166;9
13h:57m:43s;386;374;13;166;159;6
14h:57m:42s;384;378;7;184;183;2
15h:57m:43s;411;409;3;213;212;0
16h:57m:38s;431;417;14;208;198;13
17h:57m:42s;336;297;38;139;111;27
18h:57m:42s;165;145;20;45;43;2
19h:57m:40s;96;90;6;21;19;2
20h:57m:42s;66;65;1;16;16;0
21h:57m:37s;52;51;1;15;15;0
22h:57m:40s;40;39;1;10;9;1
23h:57m:39s;23;22;1;5;4;1
