00h:57m:42s;11;9;2;0;0;0
01h:57m:35s;4;4;0;0;0;0
02h:57m:41s;0;0;0;0;0;0
03h:57m:40s;0;0;0;0;0;0
04h:57m:39s;0;0;0;0;0;0
05h:57m:39s;0;0;0;0;0;0
06h:57m:41s;11;11;0;10;10;0
07h:57m:42s;19;20;0;12;12;0
08h:57m:44s;78;73;5;23;18;5
09h:57m:40s;172;171;1;61;63;0
10h:57m:43s;274;273;2;131;129;2
11h:57m:42s;340;338;3;171;170;1
12h:57m:42s;386;382;5;199;198;2
13h:57m:43s;375;366;11;195;187;7
14h:57m:42s;379;372;7;207;204;3
15h:57m:43s;387;378;9;228;223;5
16h:57m:43s;371;360;12;209;195;14
17h:57m:44s;253;227;23;117;102;16
18h:57m:42s;134;129;5;38;36;1
19h:57m:42s;76;70;6;20;19;1
20h:57m:41s;58;57;1;16;16;0
21h:57m:42s;43;41;2;13;11;2
22h:57m:42s;36;33;3;9;8;1
23h:57m:41s;27;21;6;5;3;2
