00h:57m:35s;0;0;0;0;0;0
01h:57m:30s;0;0;0;0;0;0
02h:57m:31s;0;0;0;0;0;0
03h:57m:32s;0;0;0;0;0;0
04h:57m:32s;0;0;0;0;0;0
05h:57m:38s;0;0;0;0;0;0
06h:57m:33s;0;0;0;0;0;0
07h:57m:34s;0;0;0;0;0;0
08h:57m:34s;0;0;0;0;0;0
09h:57m:36s;0;0;0;0;0;0
10h:57m:36s;0;0;0;0;0;0
11h:57m:36s;0;0;0;0;0;0
12h:57m:35s;0;0;0;0;0;0
13h:57m:36s;0;0;0;0;0;0
14h:57m:32s;0;0;0;0;0;0
15h:57m:32s;0;0;0;0;0;0
16h:57m:34s;2;2;0;2;2;0
17h:57m:32s;2;2;0;2;2;0
18h:57m:33s;1;1;0;0;0;0
19h:57m:32s;2;2;0;0;0;0
20h:57m:34s;2;2;0;0;0;0
21h:57m:35s;2;2;0;0;0;0
22h:57m:34s;0;0;0;0;0;0
23h:57m:34s;0;0;0;0;0;0
