00h:57m:31s;0;0;0;0;0;0
01h:57m:33s;0;0;0;0;0;0
02h:57m:33s;0;0;0;0;0;0
03h:57m:35s;1;1;0;0;0;0
04h:57m:37s;8;7;2;0;0;0
05h:57m:38s;3;3;0;0;0;0
06h:57m:34s;2;2;0;0;0;0
07h:57m:41s;2;2;0;0;0;0
08h:57m:43s;3;3;0;0;0;0
09h:57m:37s;3;3;0;1;1;0
10h:57m:40s;10;10;0;5;5;0
11h:57m:35s;7;6;1;4;3;1
12h:57m:40s;5;5;0;2;2;0
13h:57m:34s;5;5;0;2;2;0
14h:57m:37s;6;6;0;2;2;0
15h:57m:39s;5;5;0;1;1;0
16h:57m:36s;6;6;0;1;1;0
17h:57m:37s;4;4;0;0;0;0
18h:57m:35s;5;5;0;1;1;0
19h:57m:38s;6;6;0;3;3;0
20h:57m:35s;5;5;0;2;2;0
21h:57m:39s;6;6;0;4;4;0
22h:57m:39s;8;8;0;6;6;0
23h:57m:37s;6;6;0;6;6;0
