04h:57m:41s;1;0;1;1;0;1
05h:57m:42s;0;0;0;0;0;0
06h:57m:41s;8;6;2;8;6;2
07h:57m:41s;18;17;1;9;9;0
08h:57m:42s;71;71;2;25;24;1
09h:57m:40s;154;151;3;67;66;1
10h:57m:50s;239;238;2;132;132;1
11h:57m:43s;292;290;1;172;171;1
12h:57m:42s;337;334;6;203;199;4
13h:57m:36s;335;328;9;199;193;6
14h:57m:41s;313;296;18;213;207;6
15h:57m:41s;270;263;7;223;220;3
16h:57m:36s;243;223;20;212;191;21
17h:57m:40s;157;142;15;129;117;13
18h:57m:32s;83;78;5;53;49;4
19h:57m:40s;44;43;0;21;21;0
20h:57m:34s;39;34;5;22;22;0
21h:57m:38s;27;26;1;17;16;1
22h:57m:39s;22;22;0;14;14;0
23h:57m:38s;16;15;1;10;10;0
