00h:57m:41s;17;14;3;3;3;0
01h:57m:35s;4;3;1;2;2;0
02h:57m:48s;0;0;0;0;0;0
03h:57m:40s;0;0;0;0;0;0
04h:57m:38s;0;0;0;0;0;0
05h:57m:43s;0;0;0;0;0;0
06h:57m:42s;10;10;0;9;9;0
07h:57m:44s;20;20;0;12;12;0
08h:57m:41s;80;80;0;22;22;0
09h:57m:40s;210;208;2;90;90;0
10h:57m:42s;301;295;6;159;159;1
11h:57m:42s;356;355;4;192;190;2
12h:57m:41s;387;379;9;205;201;4
13h:57m:41s;393;385;8;210;204;6
14h:57m:42s;404;397;10;229;224;3
15h:57m:39s;426;422;5;256;255;2
16h:57m:40s;454;440;15;259;249;9
17h:57m:42s;309;281;27;142;123;18
18h:57m:38s;142;120;25;59;47;12
19h:57m:39s;76;70;5;33;29;4
20h:57m:41s;49;49;1;24;23;1
21h:57m:39s;41;35;6;19;13;6
22h:57m:39s;25;25;0;7;7;0
23h:57m:40s;18;18;0;7;7;0
