00h:57m:42s;12;12;0;0;0;0
01h:57m:38s;5;5;0;0;0;0
02h:57m:40s;2;2;0;0;0;0
03h:57m:40s;1;1;0;0;0;0
04h:57m:40s;1;1;0;0;0;0
05h:57m:42s;1;1;0;0;0;0
06h:57m:40s;7;7;0;6;6;0
07h:57m:43s;25;25;0;16;16;0
08h:57m:41s;110;109;0;34;34;0
09h:57m:43s;243;241;3;110;110;0
10h:57m:43s;332;329;3;176;175;2
11h:57m:41s;423;418;4;242;242;1
12h:57m:42s;490;487;4;276;272;4
13h:57m:43s;474;462;11;270;260;10
14h:57m:42s;474;460;14;288;283;6
15h:57m:43s;472;455;15;309;298;7
16h:57m:43s;502;479;21;322;311;11
17h:57m:41s;347;317;33;183;155;27
18h:57m:43s;164;143;19;52;43;10
19h:57m:41s;89;83;6;34;33;1
20h:57m:36s;59;55;4;24;21;3
21h:57m:41s;53;52;1;22;22;0
22h:57m:42s;45;43;2;15;15;0
23h:57m:42s;31;30;1;10;9;1
