00h:57m:40s;25;22;3;4;2;2
01h:57m:37s;10;9;1;2;1;1
02h:57m:37s;1;1;0;0;0;0
03h:57m:36s;2;1;1;1;0;1
04h:57m:35s;1;1;0;0;0;0
05h:57m:41s;2;2;0;1;1;0
06h:57m:35s;11;11;0;10;10;0
07h:57m:41s;16;15;1;11;11;0
08h:57m:39s;85;81;3;26;26;0
09h:57m:38s;191;179;13;82;81;3
10h:57m:38s;318;315;3;190;187;2
11h:57m:41s;423;418;5;264;260;4
12h:57m:45s;486;479;4;298;298;1
13h:57m:45s;493;464;28;289;278;11
14h:57m:40s;469;452;15;300;291;9
15h:57m:41s;469;462;6;305;301;4
16h:57m:44s;457;447;11;280;267;13
17h:57m:44s;318;296;22;136;119;16
18h:57m:45s;172;159;13;45;40;4
19h:57m:38s;87;82;5;23;23;0
20h:57m:39s;69;67;2;25;25;0
21h:57m:40s;50;45;5;22;21;1
22h:57m:40s;37;36;1;15;14;1
23h:57m:36s;30;27;3;9;8;1
