00h:57m:43s;14;13;1;3;3;0
01h:57m:41s;3;3;0;2;2;0
02h:57m:36s;0;0;0;0;0;0
03h:57m:42s;0;0;0;0;0;0
04h:57m:40s;1;1;0;0;0;0
05h:57m:41s;1;1;0;0;0;0
06h:57m:42s;10;8;2;9;5;4
07h:57m:43s;16;10;6;14;8;6
08h:57m:44s;73;71;0;19;19;0
09h:57m:43s;191;177;5;83;81;2
10h:57m:42s;302;292;10;180;175;8
11h:57m:47s;340;339;0;207;206;1
12h:57m:42s;410;405;8;232;229;8
13h:57m:43s;441;435;6;250;242;7
14h:57m:42s;442;440;5;264;261;4
15h:57m:42s;442;428;9;272;266;6
16h:57m:42s;428;415;15;249;237;14
17h:57m:57s;298;269;29;122;100;23
18h:57m:40s;145;131;14;39;34;5
19h:57m:44s;73;69;4;22;22;0
20h:57m:42s;53;52;1;21;21;0
21h:57m:42s;39;38;1;18;17;1
22h:57m:41s;37;35;2;16;14;2
23h:57m:42s;21;18;3;7;6;1
