00h:57m:38s;19;17;2;1;1;0
01h:57m:36s;8;7;1;0;0;0
02h:57m:37s;0;0;0;0;0;0
03h:57m:37s;0;0;0;0;0;0
04h:57m:37s;0;0;0;0;0;0
05h:57m:41s;0;0;0;0;0;0
06h:57m:37s;7;7;0;7;7;0
07h:57m:40s;16;11;5;11;7;4
08h:57m:42s;62;58;3;20;18;2
09h:57m:37s;172;172;0;83;83;0
10h:57m:43s;266;260;7;143;139;4
11h:57m:44s;316;313;3;170;168;2
12h:57m:41s;363;355;12;200;196;4
13h:57m:41s;378;371;9;206;201;4
14h:57m:43s;363;353;12;222;220;2
15h:57m:40s;393;380;12;246;235;12
16h:57m:41s;406;391;17;248;230;22
17h:57m:41s;274;257;19;121;107;14
18h:57m:35s;122;111;11;39;37;1
19h:57m:37s;68;64;4;20;18;2
20h:57m:38s;61;59;2;17;15;2
21h:57m:42s;55;55;0;14;14;0
22h:57m:42s;46;43;2;11;10;1
23h:57m:41s;30;25;5;3;2;1
