00h:57m:41s;25;24;1;1;1;0
01h:57m:39s;12;10;2;1;1;0
02h:57m:37s;0;0;0;0;0;0
03h:57m:39s;0;0;0;0;0;0
04h:57m:38s;0;0;0;0;0;0
05h:57m:41s;1;1;0;0;0;0
06h:57m:38s;8;8;0;7;7;0
07h:57m:42s;20;20;0;12;12;0
08h:57m:42s;73;70;3;13;14;0
13h:57m:43s;375;368;7;173;168;5
14h:57m:43s;407;391;15;217;209;9
15h:57m:43s;402;394;8;218;213;5
16h:57m:42s;390;374;16;200;182;17
17h:57m:44s;278;253;22;103;86;21
18h:57m:42s;158;144;13;32;27;6
19h:57m:41s;86;81;6;12;10;2
20h:57m:43s;58;55;3;6;6;0
21h:57m:43s;41;41;0;6;6;0
22h:57m:41s;35;34;1;6;6;0
23h:57m:41s;29;21;8;6;2;4
