00h:57m:50s;0;0;0;0;0;0
01h:57m:36s;0;0;0;0;0;0
02h:57m:32s;0;0;0;0;0;0
03h:57m:35s;0;0;0;0;0;0
04h:57m:38s;0;0;0;0;0;0
05h:57m:43s;0;0;0;0;0;0
06h:57m:41s;10;10;0;10;10;0
07h:57m:43s;8;8;0;8;8;0
08h:57m:44s;16;15;1;9;9;0
09h:57m:39s;29;30;0;8;8;0
10h:57m:39s;36;28;3;0;0;0
11h:57m:36s;28;27;1;1;1;0
12h:57m:37s;35;35;0;2;2;0
13h:57m:41s;33;31;2;2;2;0
14h:57m:39s;25;23;2;3;3;0
15h:57m:43s;20;18;2;1;1;0
16h:57m:39s;18;18;0;1;1;0
17h:57m:41s;13;13;0;1;1;0
18h:57m:42s;7;7;0;0;0;0
19h:57m:43s;6;6;0;0;0;0
20h:57m:43s;7;6;1;0;0;0
21h:57m:42s;5;5;0;0;0;0
22h:57m:42s;5;5;0;0;0;0
23h:57m:37s;4;4;0;0;0;0
