00h:57m:40s;1;1;0;1;1;0
01h:57m:38s;1;1;0;1;1;0
02h:57m:37s;1;1;0;0;0;0
03h:57m:38s;1;1;0;0;0;0
04h:57m:36s;0;0;0;0;0;0
06h:57m:43s;11;11;0;10;10;0
07h:57m:41s;14;14;0;11;11;0
08h:57m:43s;77;78;1;27;27;0
09h:57m:41s;188;186;3;75;76;1
10h:57m:40s;271;271;2;131;130;3
11h:57m:42s;345;342;3;182;180;4
12h:57m:45s;402;399;4;209;205;4
13h:57m:42s;404;396;10;212;210;2
14h:57m:43s;420;409;12;239;233;5
15h:57m:43s;402;399;3;244;244;2
16h:57m:42s;425;411;16;247;231;21
17h:57m:43s;315;286;30;146;121;25
18h:57m:43s;152;132;21;43;33;10
19h:57m:43s;77;71;7;25;23;2
20h:57m:44s;63;59;4;20;18;2
21h:57m:41s;52;50;5;18;16;2
22h:57m:42s;39;35;5;15;11;4
23h:57m:40s;18;18;1;2;2;0
