00h:57m:40s;15;14;1;4;4;0
01h:57m:37s;0;0;0;0;0;0
02h:57m:41s;1;1;0;0;0;0
03h:57m:41s;1;1;0;0;0;0
04h:57m:40s;1;1;0;0;0;0
05h:57m:42s;1;1;0;0;0;0
06h:57m:51s;11;11;0;9;9;0
07h:57m:42s;11;12;0;9;9;0
08h:57m:44s;90;87;3;24;21;2
09h:57m:43s;209;202;8;85;85;2
10h:57m:43s;314;311;1;171;171;0
11h:57m:44s;384;381;4;215;209;5
13h:57m:45s;409;399;10;212;210;2
14h:57m:43s;366;344;22;218;215;3
15h:57m:41s;292;282;10;235;227;8
16h:57m:41s;276;256;21;226;203;23
17h:57m:44s;139;122;17;91;77;16
18h:57m:42s;62;61;1;29;28;1
19h:57m:45s;50;46;4;20;17;3
20h:57m:40s;30;28;1;13;12;1
21h:57m:42s;19;19;0;10;10;0
22h:57m:42s;11;8;3;6;4;2
23h:57m:39s;3;3;0;0;0;0
