00h:57m:39s;13;13;0;2;2;0
01h:57m:36s;9;9;0;2;2;0
02h:57m:42s;1;1;0;0;0;0
03h:57m:41s;0;0;0;0;0;0
04h:57m:39s;0;0;0;0;0;0
05h:57m:42s;0;0;0;0;0;0
06h:57m:41s;8;8;0;7;7;0
07h:57m:42s;17;17;0;11;11;0
08h:57m:43s;42;41;1;28;28;0
09h:57m:41s;112;112;0;100;100;0
10h:57m:43s;201;199;2;188;186;2
11h:57m:39s;230;228;2;216;214;2
12h:57m:42s;256;248;8;244;236;8
13h:57m:42s;257;257;0;242;242;0
14h:57m:40s;252;247;6;242;236;6
15h:57m:41s;268;262;5;255;250;4
16h:57m:40s;258;247;11;247;235;11
17h:57m:43s;140;116;23;128;105;23
18h:57m:44s;41;36;4;30;27;3
19h:57m:43s;18;17;1;13;12;1
20h:57m:44s;16;16;0;11;11;0
21h:57m:42s;14;14;0;10;10;0
22h:57m:42s;11;11;0;9;9;0
23h:57m:37s;5;4;1;4;3;1
