00h:57m:38s;10;10;0;4;4;0
01h:57m:34s;3;3;0;2;2;0
02h:57m:39s;0;0;0;0;0;0
03h:57m:40s;0;0;0;0;0;0
04h:57m:38s;0;0;0;0;0;0
05h:57m:36s;0;0;0;0;0;0
06h:57m:39s;2;2;0;0;0;0
07h:57m:41s;2;2;0;0;0;0
08h:57m:42s;8;5;3;0;0;0
09h:57m:39s;30;25;5;12;12;0
10h:57m:39s;44;41;3;29;29;0
11h:57m:36s;48;45;3;31;31;0
12h:57m:39s;48;48;0;33;33;0
13h:57m:37s;47;47;0;28;28;0
14h:57m:43s;44;43;1;29;28;1
15h:57m:41s;37;35;2;18;18;0
16h:57m:44s;32;31;1;16;15;1
17h:57m:44s;25;25;0;9;9;0
18h:57m:34s;17;17;0;11;11;0
19h:57m:41s;13;13;0;8;8;0
20h:57m:37s;9;7;2;7;5;2
21h:57m:43s;9;9;0;7;7;0
22h:57m:43s;8;8;0;7;7;0
23h:57m:47s;6;6;0;4;4;0
