00h:57m:42s;0;0;0;0;0;0
01h:57m:36s;0;0;0;0;0;0
02h:57m:36s;0;0;0;0;0;0
03h:57m:39s;0;0;0;0;0;0
04h:57m:33s;0;0;0;0;0;0
05h:57m:42s;0;0;0;0;0;0
06h:57m:40s;12;4;8;11;5;8
07h:57m:42s;18;18;0;15;15;0
08h:57m:43s;50;48;2;21;21;0
09h:57m:36s;126;126;0;71;71;0
10h:57m:38s;209;205;2;142;141;0
11h:57m:41s;275;269;7;191;185;6
12h:57m:42s;311;307;4;205;201;3
13h:57m:40s;305;302;3;201;198;3
14h:57m:40s;321;317;4;226;225;2
15h:57m:39s;333;330;3;250;249;1
16h:57m:40s;355;347;10;261;252;8
17h:57m:42s;249;226;22;158;139;16
18h:57m:43s;116;108;9;58;51;7
19h:57m:51s;74;69;5;36;32;4
20h:57m:42s;59;58;1;28;28;0
21h:57m:39s;48;46;2;22;22;1
22h:57m:41s;37;38;0;17;17;0
23h:57m:41s;31;24;8;11;8;3
