00h:57m:42s;20;16;3;8;6;2
01h:57m:38s;9;9;0;3;3;0
02h:57m:37s;0;0;0;0;0;0
03h:57m:38s;0;0;0;0;0;0
04h:57m:38s;0;0;0;0;0;0
05h:57m:42s;0;0;0;0;0;0
06h:57m:41s;9;9;0;7;7;0
07h:57m:42s;21;20;1;13;13;0
08h:57m:43s;87;88;0;18;18;0
09h:57m:43s;208;206;2;85;86;1
10h:57m:39s;329;325;5;171;168;4
11h:57m:40s;392;383;10;211;206;5
12h:57m:41s;434;431;4;237;232;5
13h:57m:42s;445;433;11;236;230;3
14h:57m:43s;428;411;18;247;239;7
15h:57m:40s;437;428;11;258;250;8
16h:57m:41s;438;429;9;249;242;7
17h:57m:43s;332;294;36;152;128;25
18h:57m:41s;149;141;7;50;44;4
19h:57m:39s;77;73;4;20;19;1
20h:57m:40s;62;60;2;16;16;0
21h:57m:41s;55;54;1;15;14;1
22h:57m:43s;46;45;1;10;10;0
23h:57m:41s;34;33;1;6;6;0
