00h:57m:39s;20;17;3;4;4;0
01h:57m:40s;7;6;1;1;1;0
02h:57m:40s;0;0;0;0;0;0
03h:57m:43s;0;0;0;0;0;0
04h:57m:42s;0;0;0;0;0;0
05h:57m:43s;0;0;0;0;0;0
06h:57m:44s;6;6;0;6;6;0
07h:57m:44s;16;16;0;11;11;0
08h:57m:43s;80;80;0;23;23;0
09h:57m:41s;171;169;2;73;75;1
10h:57m:43s;262;258;6;135;132;1
11h:57m:43s;321;319;2;172;171;2
12h:57m:44s;368;366;4;206;202;4
13h:57m:42s;379;371;7;208;201;5
14h:57m:42s;370;364;6;211;207;3
15h:57m:43s;385;383;3;227;224;3
16h:57m:36s;385;370;15;221;208;14
17h:57m:42s;294;281;15;149;138;15
18h:57m:34s;167;155;12;52;48;4
19h:57m:38s;99;95;4;33;32;1
20h:57m:35s;72;71;1;23;22;1
21h:57m:40s;62;62;0;19;19;0
22h:57m:41s;54;50;4;17;14;3
23h:57m:37s;35;31;4;8;6;2
