00h:57m:36s;0;0;0;0;0;0
01h:57m:38s;0;0;0;0;0;0
02h:57m:40s;0;0;0;0;0;0
03h:57m:46s;0;0;0;0;0;0
04h:57m:41s;1;1;0;0;0;0
05h:57m:43s;1;1;0;0;0;0
06h:57m:40s;6;6;0;5;5;0
07h:57m:43s;11;11;0;9;9;0
08h:57m:43s;56;56;0;20;20;0
09h:57m:41s;152;150;2;76;74;2
10h:57m:36s;254;251;3;153;151;2
11h:57m:42s;328;319;10;212;203;9
12h:57m:42s;364;364;1;239;238;2
13h:57m:42s;366;355;12;238;225;13
14h:57m:37s;359;351;7;238;233;4
15h:57m:43s;348;342;7;255;253;2
16h:57m:37s;356;333;27;252;224;27
17h:57m:43s;223;205;18;127;111;16
18h:57m:43s;101;91;10;42;39;3
19h:57m:43s;43;37;6;23;19;4
20h:57m:40s;28;26;2;14;14;0
21h:57m:42s;23;23;0;12;12;0
22h:57m:43s;17;15;2;9;7;2
23h:57m:41s;14;13;1;5;4;1
