00h:57m:41s;13;13;0;4;4;0
01h:57m:38s;8;8;0;2;2;0
02h:57m:40s;1;1;0;0;0;0
03h:57m:40s;1;1;0;0;0;0
04h:57m:41s;1;1;0;0;0;0
05h:57m:42s;1;1;0;0;0;0
06h:57m:42s;9;9;0;8;8;0
07h:57m:42s;17;17;0;13;13;0
08h:57m:46s;69;67;2;13;14;0
09h:57m:41s;168;164;3;71;69;1
10h:57m:43s;252;249;3;134;134;0
11h:57m:42s;314;303;10;173;165;8
12h:57m:42s;336;335;1;184;182;0
13h:57m:44s;362;358;6;202;195;7
14h:57m:39s;351;342;9;205;204;1
15h:57m:44s;367;360;11;231;223;8
16h:57m:42s;380;370;12;225;212;13
17h:57m:42s;260;239;23;125;101;24
18h:57m:46s;132;124;9;47;44;3
19h:57m:43s;80;77;3;28;26;2
20h:57m:43s;61;56;4;18;14;4
21h:57m:42s;42;40;2;10;10;0
22h:57m:43s;31;31;0;7;7;0
23h:57m:41s;27;25;2;6;6;0
