00h:57m:34s;0;0;0;0;0;0
01h:57m:34s;0;0;0;0;0;0
02h:57m:36s;0;0;0;0;0;0
03h:57m:42s;0;0;0;0;0;0
04h:57m:39s;0;0;0;0;0;0
05h:57m:43s;0;0;0;0;0;0
06h:57m:37s;7;5;2;7;5;2
07h:57m:43s;19;18;1;14;14;1
08h:57m:43s;80;79;3;15;15;0
09h:57m:41s;182;183;0;74;74;0
10h:57m:41s;297;292;6;164;160;5
11h:57m:38s;371;367;3;221;218;3
12h:57m:40s;434;432;3;260;256;4
13h:57m:43s;422;413;7;241;238;2
14h:57m:36s;431;425;6;258;255;3
15h:57m:42s;449;442;9;282;269;14
16h:57m:40s;437;412;29;268;244;27
17h:57m:42s;308;281;27;156;136;19
18h:57m:41s;157;147;10;50;46;4
19h:57m:37s;87;82;5;29;27;2
20h:57m:41s;66;66;0;21;21;0
21h:57m:34s;53;53;0;28;28;0
22h:57m:40s;55;54;1;29;28;1
23h:57m:35s;25;22;3;10;7;3
