00h:57m:39s;10;10;0;2;2;0
01h:57m:39s;0;0;0;0;0;0
02h:57m:41s;0;0;0;0;0;0
03h:57m:47s;0;0;0;0;0;0
04h:57m:39s;0;0;0;0;0;0
05h:57m:38s;0;0;0;0;0;0
06h:57m:38s;8;5;3;7;4;3
07h:57m:38s;12;9;2;7;5;2
08h:57m:39s;36;33;3;20;20;0
09h:57m:36s;105;100;5;92;89;3
10h:57m:39s;174;169;5;153;151;2
11h:57m:37s;221;218;3;203;200;3
12h:57m:35s;250;247;3;229;226;3
13h:57m:39s;262;260;2;239;237;2
14h:57m:41s;252;247;5;232;228;4
15h:57m:37s;273;268;5;256;251;5
16h:57m:35s;258;251;7;240;233;7
17h:57m:40s;148;120;28;131;104;27
18h:57m:41s;63;57;6;51;46;5
19h:57m:34s;33;30;2;24;22;2
20h:57m:39s;22;22;0;14;14;0
21h:57m:41s;20;17;3;12;9;3
22h:57m:40s;8;6;2;6;4;2
23h:57m:38s;1;1;0;1;1;0
