00h:57m:42s;19;17;2;0;0;0
01h:57m:34s;4;4;0;0;0;0
02h:57m:36s;1;1;0;0;0;0
03h:57m:37s;1;1;0;0;0;0
04h:57m:38s;1;1;0;0;0;0
05h:57m:41s;1;1;0;0;0;0
06h:57m:40s;11;11;0;10;10;0
07h:57m:44s;9;9;0;7;7;0
08h:57m:44s;73;71;2;17;17;0
09h:57m:41s;209;203;6;101;99;2
10h:57m:42s;323;321;3;184;180;4
11h:57m:42s;378;371;6;215;212;4
12h:57m:40s;419;410;10;248;238;11
13h:57m:44s;434;423;9;238;228;9
14h:57m:43s;444;438;4;250;248;2
15h:57m:41s;462;451;10;275;270;5
16h:57m:39s;441;415;25;241;222;21
17h:57m:41s;303;273;31;120;102;17
18h:57m:43s;147;134;11;47;41;5
19h:57m:43s;85;79;6;28;22;6
20h:57m:42s;68;66;2;20;20;0
21h:57m:40s;53;53;0;18;18;0
22h:57m:40s;45;41;4;11;9;2
23h:57m:40s;29;29;0;4;4;0
