00h:57m:43s;0;0;0;0;0;0
01h:57m:35s;0;0;0;0;0;0
02h:57m:41s;0;0;0;0;0;0
03h:57m:36s;0;0;0;0;0;0
04h:57m:33s;0;0;0;0;0;0
05h:57m:42s;0;0;0;0;0;0
06h:57m:35s;0;0;0;0;0;0
07h:57m:42s;0;0;0;0;0;0
08h:57m:41s;2;2;0;0;0;0
09h:57m:36s;1;1;0;0;0;0
10h:57m:42s;4;4;0;2;2;0
11h:57m:39s;11;10;1;2;2;0
12h:57m:38s;9;9;0;2;2;0
13h:57m:42s;9;7;2;2;2;0
14h:57m:48s;9;8;1;2;2;0
15h:57m:42s;7;7;0;2;2;0
16h:57m:42s;4;4;0;2;2;0
17h:57m:40s;6;6;0;2;2;0
18h:57m:41s;7;6;1;1;0;1
19h:57m:42s;7;6;0;0;0;0
20h:57m:42s;5;4;1;0;0;0
21h:57m:41s;9;9;0;7;7;0
22h:57m:43s;14;13;1;11;11;0
23h:57m:37s;12;12;0;11;11;0
