00h:57m:42s;24;19;5;1;0;1
01h:57m:41s;7;7;0;0;0;0
02h:57m:40s;0;0;0;0;0;0
03h:57m:38s;0;0;0;0;0;0
04h:57m:39s;0;0;0;0;0;0
05h:57m:41s;0;0;0;0;0;0
06h:57m:42s;9;9;0;7;7;0
07h:57m:42s;9;9;0;4;4;0
08h:57m:44s;115;117;0;19;19;0
09h:57m:42s;237;239;0;99;99;3
10h:57m:42s;352;349;4;189;185;3
11h:57m:42s;438;427;13;245;234;8
12h:57m:44s;474;467;10;253;240;13
13h:57m:42s;460;451;12;232;230;4
14h:57m:42s;421;403;15;249;245;4
15h:57m:41s;312;301;11;245;242;3
16h:57m:41s;262;240;21;211;192;19
17h:57m:43s;142;124;18;100;85;14
18h:57m:38s;70;64;6;38;32;6
19h:57m:51s;59;56;3;30;29;1
20h:57m:42s;41;40;1;26;26;0
21h:57m:38s;28;25;3;22;21;1
22h:57m:41s;22;22;0;19;19;0
23h:57m:41s;22;20;2;19;17;2
