09h:23m:07s;37;33;4
09h:24m:09s;37;34;3
09h:24m:57s;41;38;3
09h:36m:15s;53;52;1
10h:07m:42s;109;107;3
10h:12m:41s;116;115;2
10h:17m:40s;123;121;3
10h:22m:41s;128;125;3
10h:27m:39s;135;135;0
10h:32m:42s;142;142;0
10h:37m:39s;148;148;0
10h:42m:41s;155;152;3
10h:47m:42s;165;161;4
10h:52m:41s;170;166;4
10h:57m:41s;167;165;3
11h:02m:42s;175;177;0
11h:07m:41s;179;177;1
11h:12m:40s;182;181;2
11h:17m:43s;187;184;3
11h:22m:41s;190;183;7
11h:27m:42s;193;187;4
11h:32m:43s;190;190;1
11h:37m:41s;196;197;0
11h:42m:42s;199;197;2
11h:47m:44s;203;201;2
11h:52m:42s;208;205;4
11h:57m:41s;218;215;3
12h:02m:43s;221;218;4
12h:07m:42s;225;219;5
12h:12m:41s;227;217;10
12h:17m:42s;225;219;7
12h:22m:41s;223;220;3
12h:27m:41s;226;223;4
12h:32m:39s;233;221;12
12h:37m:43s;238;232;5
12h:42m:42s;238;233;4
12h:47m:40s;238;236;1
12h:52m:42s;236;237;0
12h:57m:42s;245;245;2
13h:02m:43s;246;244;2
13h:07m:43s;245;243;1
13h:12m:41s;246;242;1
13h:17m:37s;246;245;2
13h:22m:42s;247;241;6
13h:27m:41s;249;234;15
13h:32m:43s;246;226;21
13h:37m:44s;239;224;13
13h:42m:42s;234;221;10
13h:47m:41s;224;212;12
13h:52m:41s;223;209;14
13h:57m:42s;224;210;13
14h:02m:44s;215;209;6
14h:07m:42s;215;208;6
14h:12m:43s;214;206;5
14h:17m:44s;216;208;7
14h:22m:42s;216;211;6
14h:27m:43s;221;213;7
14h:32m:43s;224;216;6
14h:37m:42s;224;217;5
14h:42m:41s;221;215;6
14h:47m:41s;224;219;4
14h:52m:42s;225;221;4
14h:57m:42s;230;225;7
15h:02m:42s;231;227;6
15h:07m:43s;230;226;4
15h:12m:41s;230;226;5
15h:17m:41s;231;228;4
15h:22m:42s;235;233;2
15h:27m:38s;234;232;3
15h:32m:42s;237;235;2
15h:37m:43s;242;241;2
15h:42m:42s;244;241;3
15h:47m:42s;244;234;9
15h:52m:41s;246;236;10
15h:57m:38s;241;235;6
16h:02m:42s;244;232;10
