00h:02m:39s;20;19;1;8;7;1
01h:02m:38s;12;11;1;3;3;0
02h:02m:38s;5;5;0;0;0;0
03h:02m:38s;0;0;0;0;0;0
04h:02m:42s;0;0;0;0;0;0
05h:02m:40s;1;1;0;0;0;0
06h:02m:37s;1;1;0;0;0;0
07h:02m:42s;1;1;0;0;0;0
08h:02m:43s;13;14;0;0;0;0
08h:57m:42s;77;78;0;11;10;1
09h:57m:42s;183;182;0;81;81;0
10h:57m:41s;276;270;6;150;145;5
11h:57m:41s;310;309;3;182;181;1
12h:57m:41s;362;354;6;219;215;5
13h:57m:42s;354;344;10;216;209;7
14h:57m:43s;369;355;17;235;228;7
15h:57m:42s;334;326;7;236;231;5
16h:57m:41s;311;296;13;211;199;13
17h:57m:43s;209;190;18;111;100;10
18h:57m:41s;102;90;12;42;36;6
19h:57m:41s;53;50;3;15;14;1
20h:57m:42s;35;32;3;8;6;2
21h:57m:42s;28;28;0;5;5;0
22h:57m:42s;25;25;0;4;4;0
23h:57m:41s;32;27;5;7;7;0
