00h:57m:42s;15;14;1;11;10;1
01h:57m:37s;11;11;0;7;7;0
02h:57m:36s;2;2;0;0;0;0
03h:57m:36s;3;3;0;1;1;0
04h:57m:38s;1;1;0;1;1;0
05h:57m:41s;1;1;0;1;1;0
06h:57m:41s;8;8;0;8;8;0
07h:57m:43s;17;15;2;13;12;1
08h:57m:42s;57;57;0;30;30;0
09h:57m:41s;141;141;0;92;92;0
10h:57m:38s;237;233;5;175;170;5
11h:57m:42s;284;277;6;219;211;8
12h:57m:42s;309;294;15;240;227;11
13h:57m:43s;283;277;7;215;211;4
14h:57m:43s;320;304;16;263;255;9
15h:57m:41s;339;331;8;290;285;6
16h:57m:42s;348;331;18;290;275;16
17h:57m:43s;207;177;27;151;124;25
18h:57m:40s;96;83;13;52;46;6
19h:57m:41s;61;57;4;34;33;1
20h:57m:41s;42;38;4;26;24;2
21h:57m:42s;33;32;1;22;21;1
22h:57m:38s;19;17;2;13;12;1
23h:57m:39s;12;12;0;7;7;0
