00h:57m:38s;5;4;1;3;3;0
01h:57m:40s;0;0;0;0;0;0
02h:57m:41s;1;1;0;0;0;0
03h:57m:38s;0;0;0;0;0;0
04h:57m:38s;0;0;0;0;0;0
06h:57m:39s;1;1;0;0;0;0
07h:57m:41s;1;1;0;0;0;0
08h:57m:43s;5;5;0;1;1;0
09h:57m:41s;7;7;0;4;4;0
10h:57m:37s;20;20;0;16;16;0
11h:57m:36s;32;31;1;27;26;1
12h:57m:40s;38;37;1;31;31;0
13h:57m:44s;39;39;0;34;34;0
14h:57m:43s;17;13;4;16;12;4
15h:57m:41s;12;11;1;11;10;1
16h:57m:40s;8;7;1;8;7;1
17h:57m:43s;5;2;3;4;1;3
18h:57m:41s;0;0;0;0;0;0
19h:57m:42s;3;3;0;2;2;0
20h:57m:43s;3;3;0;2;2;0
21h:57m:43s;2;2;0;2;2;0
22h:57m:42s;2;2;0;2;2;0
23h:57m:49s;0;0;0;0;0;0
