00h:57m:43s;9;7;2;8;7;1
01h:57m:35s;9;9;0;5;5;0
02h:57m:38s;3;3;0;0;0;0
03h:57m:36s;4;2;2;0;0;0
04h:57m:34s;1;1;0;0;0;0
05h:57m:43s;0;0;0;0;0;0
06h:57m:40s;0;0;0;0;0;0
07h:57m:43s;1;0;0;0;0;0
08h:57m:36s;2;2;0;1;1;0
09h:57m:41s;3;3;0;3;3;0
10h:57m:41s;6;6;0;6;6;0
11h:57m:41s;10;10;0;9;9;0
12h:57m:41s;11;11;0;10;10;0
13h:57m:44s;10;8;2;10;8;2
14h:57m:42s;8;8;0;8;8;0
15h:57m:43s;10;9;1;9;8;1
16h:57m:42s;8;8;0;7;7;0
17h:57m:42s;5;5;0;5;5;0
18h:57m:43s;6;6;0;4;4;0
19h:57m:43s;4;4;0;1;1;0
20h:57m:42s;4;4;0;1;1;0
21h:57m:43s;2;2;0;1;1;0
22h:57m:43s;2;2;0;1;1;0
23h:57m:39s;1;1;0;0;0;0
