16h:18m:02s;347;341;6;242;236;6
16h:19m:26s;347;340;7;243;236;6
16h:22m:42s;344;337;7;240;235;6
16h:27m:40s;343;335;8;237;231;6
16h:34m:02s;335;324;11;234;224;10
16h:37m:40s;335;324;11;231;224;7
16h:42m:40s;332;328;4;229;226;3
16h:47m:44s;330;326;4;227;223;6
16h:50m:35s;328;322;6;225;219;6
16h:52m:42s;328;321;7;223;215;8
16h:57m:40s;327;316;10;220;211;8
17h:02m:43s;321;305;16;216;202;14
17h:07m:41s;318;297;21;215;199;16
17h:12m:42s;311;294;16;206;195;10
17h:17m:41s;301;292;10;203;195;8
17h:22m:37s;298;282;16;197;186;11
17h:27m:35s;295;269;26;193;172;21
17h:32m:43s;278;252;26;182;160;21
17h:37m:40s;270;238;30;174;148;26
17h:42m:41s;261;230;31;164;140;24
17h:47m:42s;236;214;23;146;127;19
17h:52m:41s;228;206;21;139;122;17
17h:57m:42s;217;189;25;125;106;19
18h:02m:41s;205;164;40;117;84;33
18h:07m:39s;190;159;32;105;80;25
18h:12m:40s;169;154;14;86;75;11
18h:17m:39s;158;137;20;77;64;13
18h:22m:40s;153;136;17;73;62;11
18h:27m:41s;137;129;8;65;56;9
18h:32m:43s;133;122;11;61;51;10
18h:37m:41s;129;115;14;55;45;9
18h:42m:40s;122;109;13;50;43;7
18h:47m:40s;115;100;15;45;34;11
18h:52m:42s;112;97;15;43;32;11
18h:57m:41s;100;88;12;34;27;6
19h:02m:38s;95;80;15;31;24;7
19h:07m:43s;91;81;10;27;23;4
19h:12m:39s;84;82;3;26;24;2
19h:17m:42s;81;76;5;24;22;2
19h:22m:38s;80;73;7;23;21;2
19h:27m:40s;74;68;6;22;21;1
19h:32m:43s;70;63;7;21;18;3
19h:37m:43s;68;61;7;21;17;4
19h:42m:39s;65;58;5;18;17;1
19h:47m:40s;61;58;3;18;18;0
19h:52m:38s;61;55;6;19;18;1
19h:57m:38s;60;54;6;19;18;1
20h:02m:43s;55;52;3;18;16;2
20h:07m:41s;53;50;3;18;16;2
20h:12m:37s;52;51;1;16;16;0
20h:17m:42s;51;50;1;16;15;1
20h:22m:40s;50;49;1;16;15;1
20h:27m:41s;50;48;2;15;15;0
20h:32m:41s;50;47;3;15;15;0
20h:37m:40s;47;45;2;15;15;0
20h:42m:39s;47;45;2;15;15;0
20h:47m:42s;46;45;1;15;15;0
20h:52m:42s;45;44;1;15;15;0
20h:57m:41s;46;44;2;15;14;1
21h:02m:41s;45;37;8;15;14;1
21h:07m:40s;44;37;7;14;14;0
21h:12m:42s;37;35;2;14;14;0
21h:17m:43s;36;33;3;14;13;1
21h:22m:40s;37;34;1;14;13;1
21h:27m:43s;34;34;0;13;13;0
21h:32m:43s;33;33;0;13;13;0
21h:37m:39s;34;32;1;13;13;0
21h:42m:38s;34;33;1;13;13;0
21h:47m:40s;34;34;0;15;15;0
21h:52m:37s;35;32;3;15;15;0
21h:57m:40s;38;35;3;18;18;0
22h:02m:38s;34;31;3;18;15;3
22h:07m:41s;35;32;3;18;15;3
22h:12m:35s;32;30;2;15;13;2
22h:17m:42s;32;30;2;15;13;2
22h:22m:42s;31;29;2;13;11;2
22h:27m:42s;31;26;5;13;9;4
22h:32m:41s;28;25;3;11;9;2
22h:37m:42s;26;26;0;9;9;0
22h:42m:39s;26;26;0;9;9;0
22h:47m:42s;25;25;0;9;9;0
22h:52m:41s;25;23;1;9;9;0
22h:57m:41s;25;24;1;9;9;0
23h:02m:42s;23;22;1;9;8;1
23h:07m:42s;24;23;1;9;8;1
23h:12m:38s;23;23;0;8;8;0
23h:17m:42s;22;20;2;8;8;0
23h:22m:39s;23;21;2;8;8;0
23h:27m:40s;21;21;0;8;8;0
23h:32m:44s;20;20;0;8;8;0
23h:37m:42s;21;21;0;8;8;0
23h:42m:39s;20;20;0;8;8;0
23h:47m:39s;20;20;0;8;8;0
23h:52m:40s;21;21;0;8;8;0
23h:57m:34s;21;21;0;8;8;0
