00h:57m:37s;9;9;0;7;7;0
01h:57m:33s;6;6;0;4;4;0
02h:57m:35s;1;1;0;1;1;0
03h:57m:39s;2;2;0;2;2;0
04h:57m:35s;1;1;0;1;1;0
05h:57m:40s;1;1;0;0;0;0
06h:57m:34s;1;1;0;0;0;0
07h:57m:39s;1;1;0;0;0;0
08h:57m:38s;16;16;0;11;11;0
09h:57m:35s;87;83;4;82;78;4
10h:57m:33s;181;177;4;177;173;4
11h:57m:34s;210;209;1;206;205;1
12h:57m:32s;235;233;2;232;230;2
13h:57m:41s;223;219;4;219;215;4
14h:57m:36s;231;224;8;227;219;8
15h:57m:37s;248;243;5;245;239;6
16h:57m:37s;234;217;16;229;213;16
17h:57m:38s;127;94;32;122;90;33
18h:57m:38s;29;23;6;27;21;6
19h:57m:42s;16;16;0;14;14;0
20h:57m:40s;16;12;4;13;11;2
21h:57m:39s;13;13;0;11;11;0
22h:57m:41s;12;12;0;10;10;0
23h:57m:38s;7;6;1;6;5;1
