00h:57m:39s;15;13;1;0;0;0
01h:57m:36s;7;6;1;0;0;0
02h:57m:38s;1;1;0;0;0;0
03h:57m:38s;1;1;0;0;0;0
04h:57m:39s;1;1;0;0;0;0
05h:57m:42s;1;1;0;0;0;0
06h:57m:39s;8;8;0;7;7;0
07h:57m:42s;25;24;1;18;18;0
08h:57m:43s;110;110;0;29;29;0
09h:57m:39s;248;242;6;95;95;0
10h:57m:39s;359;355;4;180;177;5
11h:57m:41s;413;409;4;216;212;4
12h:57m:40s;446;441;6;234;228;6
13h:57m:43s;436;426;10;213;208;5
14h:57m:43s;434;418;16;230;224;7
15h:57m:41s;397;388;9;241;233;9
16h:57m:39s;402;390;13;241;229;12
17h:57m:39s;285;263;24;137;119;18
18h:57m:39s;144;133;11;50;45;5
19h:57m:40s;80;76;4;20;20;0
20h:57m:39s;46;45;1;10;10;0
21h:57m:42s;40;38;2;9;8;1
22h:57m:40s;34;34;0;6;6;0
23h:57m:40s;23;21;2;3;2;1
