00h:57m:39s;8;7;1;0;0;0
01h:57m:34s;1;0;1;0;0;0
02h:57m:37s;0;0;0;0;0;0
03h:57m:39s;0;0;0;0;0;0
04h:57m:38s;0;0;0;0;0;0
06h:57m:36s;0;0;0;0;0;0
07h:57m:41s;9;8;1;1;1;0
08h:57m:39s;81;80;2;8;8;0
09h:57m:41s;189;186;5;50;48;2
10h:57m:41s;278;275;5;130;127;5
11h:57m:40s;326;320;7;156;152;5
12h:57m:40s;391;379;11;197;189;7
13h:57m:43s;396;388;8;192;185;8
14h:57m:42s;440;433;9;238;230;7
15h:57m:40s;418;406;12;259;250;9
16h:57m:39s;428;408;19;257;237;21
17h:57m:39s;314;280;34;144;126;19
18h:57m:41s;162;156;7;50;49;1
19h:57m:39s;93;89;5;30;28;2
20h:57m:42s;72;68;4;27;27;0
21h:57m:42s;60;59;1;26;26;0
22h:57m:40s;48;44;4;13;11;2
23h:57m:37s;31;26;5;4;2;2
