00h:57m:40s;23;21;2;1;1;0
01h:57m:37s;12;12;0;0;0;0
02h:57m:38s;4;2;2;0;0;0
03h:57m:37s;0;0;0;0;0;0
04h:57m:38s;0;0;0;0;0;0
05h:57m:41s;0;0;0;0;0;0
06h:57m:41s;13;12;0;13;13;0
07h:57m:38s;108;105;3;100;98;2
08h:57m:43s;142;142;2;76;76;0
09h:57m:41s;247;246;3;139;137;2
10h:57m:42s;330;328;3;195;193;2
11h:57m:40s;366;366;0;217;217;0
12h:57m:41s;421;415;7;244;237;5
13h:57m:42s;408;397;11;228;221;8
14h:57m:42s;356;331;23;235;237;34
15h:57m:41s;296;290;9;248;241;7
16h:57m:42s;265;250;13;227;214;13
17h:57m:42s;166;153;12;136;125;11
18h:57m:41s;121;119;2;96;94;3
19h:57m:42s;103;101;2;86;85;1
20h:57m:40s;85;84;1;80;80;0
21h:57m:41s;47;46;1;44;43;1
22h:57m:41s;39;38;1;38;37;1
23h:57m:40s;1;1;0;0;0;0
