00h:57m:43s;18;18;0;4;4;0
01h:57m:39s;3;3;0;0;0;0
02h:57m:40s;0;0;0;0;0;0
03h:57m:38s;0;0;0;0;0;0
04h:57m:38s;1;1;0;0;0;0
05h:57m:40s;1;1;0;0;0;0
06h:57m:38s;21;21;0;20;20;0
07h:57m:43s;65;65;0;59;59;0
08h:57m:43s;142;140;2;81;80;0
09h:57m:44s;258;251;7;162;154;8
10h:57m:42s;389;384;6;268;265;4
11h:57m:40s;449;442;7;302;298;5
12h:57m:41s;497;487;10;326;322;5
13h:57m:42s;485;475;8;304;294;11
14h:57m:43s;427;413;13;261;255;2
15h:57m:41s;447;441;5;295;292;2
16h:57m:41s;426;408;17;274;257;20
17h:57m:40s;294;251;44;160;125;31
18h:57m:42s;139;132;9;49;47;2
19h:57m:39s;99;87;12;38;34;1
20h:57m:42s;59;54;5;23;23;0
21h:57m:42s;44;43;1;18;18;0
22h:57m:42s;35;33;2;12;10;2
23h:57m:43s;20;18;2;5;4;1
