00h:57m:42s;0;0;0;0;0;0
01h:57m:38s;0;0;0;0;0;0
02h:57m:35s;0;0;0;0;0;0
03h:57m:36s;0;0;0;0;0;0
04h:57m:36s;0;0;0;0;0;0
05h:57m:44s;0;0;0;0;0;0
06h:57m:41s;2;2;0;2;2;0
07h:57m:41s;14;13;1;8;8;0
08h:57m:40s;67;66;1;16;16;0
09h:57m:41s;173;172;1;59;59;0
10h:57m:41s;283;283;0;139;139;0
11h:57m:41s;356;348;7;185;183;3
13h:57m:41s;388;376;10;189;181;9
14h:57m:38s;384;376;9;204;202;3
15h:57m:41s;417;413;4;245;244;1
16h:57m:39s;423;413;8;243;239;4
17h:57m:40s;327;294;32;158;130;27
18h:57m:39s;163;146;17;54;46;8
19h:57m:36s;91;88;3;32;29;3
20h:57m:39s;69;62;7;26;23;3
21h:57m:39s;57;55;2;24;23;1
22h:57m:40s;47;47;0;16;16;0
23h:57m:39s;40;39;1;12;12;0
