00h:57m:39s;17;16;1;2;2;0
01h:57m:38s;11;10;1;2;2;0
02h:57m:37s;0;0;0;0;0;0
03h:57m:38s;1;1;0;0;0;0
04h:57m:38s;1;1;0;0;0;0
05h:57m:43s;1;1;0;0;0;0
06h:57m:41s;2;2;0;1;1;0
07h:57m:44s;6;6;0;3;3;0
08h:57m:45s;67;67;0;10;11;0
09h:57m:39s;200;200;2;89;88;2
10h:57m:44s;284;280;6;152;147;5
11h:57m:41s;341;336;5;182;175;4
12h:57m:41s;383;378;6;211;207;6
14h:57m:55s;392;381;7;227;226;1
15h:57m:44s;402;400;3;246;244;0
16h:57m:42s;433;423;11;247;237;9
17h:57m:42s;318;283;31;143;115;29
18h:57m:41s;168;163;5;44;44;0
19h:57m:42s;118;102;16;42;38;4
20h:57m:40s;94;89;6;47;46;1
21h:57m:42s;77;75;2;48;47;1
22h:57m:43s;21;19;2;2;2;0
23h:57m:40s;7;7;0;0;0;0
