00h:57m:42s;30;29;1;9;9;0
01h:57m:35s;14;14;0;7;7;0
02h:57m:40s;1;1;0;1;1;0
03h:57m:37s;1;1;0;1;1;0
04h:57m:39s;4;4;0;2;2;0
05h:57m:38s;4;4;0;2;2;0
06h:57m:40s;5;5;0;3;3;0
07h:57m:43s;27;27;0;23;23;0
08h:57m:45s;108;109;0;41;41;0
09h:57m:40s;226;227;1;74;73;0
10h:57m:42s;338;335;3;153;151;1
11h:57m:39s;403;396;5;203;201;3
12h:57m:39s;453;451;4;236;234;2
13h:57m:40s;464;453;12;226;222;5
14h:57m:41s;462;447;15;240;238;1
15h:57m:43s;469;462;6;264;259;5
16h:57m:41s;454;443;10;243;233;10
17h:57m:42s;323;278;44;139;109;29
18h:57m:37s;152;141;11;43;36;6
19h:57m:42s;117;113;4;47;47;0
20h:57m:40s;123;121;2;74;74;0
21h:57m:42s;139;137;2;98;98;0
22h:57m:43s;163;158;5;124;124;0
23h:57m:41s;152;148;4;126;126;0
