00h:57m:36s;23;22;1;10;10;0
01h:57m:36s;6;6;0;1;1;0
02h:57m:38s;0;0;0;0;0;0
03h:57m:40s;1;1;0;0;0;0
04h:57m:36s;1;1;0;0;0;0
06h:57m:42s;0;0;0;0;0;0
07h:57m:43s;6;6;0;3;3;0
08h:57m:43s;66;66;0;10;10;0
09h:57m:39s;143;142;1;67;67;1
10h:57m:39s;242;238;4;137;136;1
11h:57m:39s;290;286;4;169;168;1
12h:57m:42s;323;321;3;189;185;4
13h:57m:43s;334;330;4;191;189;2
14h:57m:40s;345;334;12;213;208;4
15h:57m:42s;329;326;4;237;235;3
16h:57m:39s;316;298;17;221;206;15
17h:57m:39s;223;190;30;128;105;21
18h:57m:42s;102;83;19;32;25;7
19h:57m:42s;62;59;3;25;22;3
20h:57m:41s;46;44;2;19;18;1
21h:57m:39s;42;41;1;19;18;1
22h:57m:39s;43;41;2;17;15;2
23h:57m:37s;28;28;0;10;10;0
