00h:57m:39s;20;19;1;8;7;1
01h:57m:35s;12;12;0;6;6;0
02h:57m:37s;1;1;0;1;1;0
03h:57m:38s;1;1;0;1;1;0
04h:57m:38s;1;1;0;1;1;0
05h:57m:41s;1;1;0;1;1;0
06h:57m:40s;7;7;0;7;7;0
07h:57m:40s;18;17;1;10;10;0
08h:57m:42s;87;86;1;17;16;1
09h:57m:41s;192;190;5;87;84;3
10h:57m:41s;287;282;6;162;160;4
11h:57m:41s;333;324;9;196;190;6
12h:57m:41s;381;376;5;223;218;4
13h:57m:42s;381;380;1;208;206;2
14h:57m:41s;391;381;8;228;223;5
15h:57m:44s;357;349;7;237;233;3
16h:57m:47s;354;337;17;230;215;16
17h:57m:36s;252;228;23;137;119;18
18h:57m:38s;127;116;13;41;35;5
19h:57m:39s;62;55;7;18;16;2
20h:57m:42s;42;40;0;12;12;0
21h:57m:39s;39;38;1;11;11;0
22h:57m:40s;35;33;2;7;7;0
23h:57m:39s;28;25;3;4;4;0
