00h:57m:41s;5;4;1;2;1;1
01h:57m:36s;4;3;1;1;1;0
02h:57m:39s;1;1;0;0;0;0
03h:57m:41s;1;1;0;0;0;0
04h:57m:37s;1;1;0;0;0;0
05h:57m:43s;0;0;0;0;0;0
06h:57m:38s;0;0;0;0;0;0
07h:57m:40s;1;1;0;1;1;0
08h:57m:39s;1;1;0;1;1;0
09h:57m:36s;3;3;0;3;3;0
10h:57m:37s;6;6;0;6;6;0
11h:57m:39s;9;9;0;6;6;0
12h:57m:38s;9;8;1;6;5;0
13h:57m:40s;10;9;1;7;7;0
14h:57m:43s;11;11;0;8;8;0
15h:57m:42s;15;15;0;9;9;0
16h:57m:39s;13;12;1;6;6;0
17h:57m:41s;13;12;1;6;6;0
18h:57m:40s;10;9;1;5;4;1
19h:57m:42s;10;8;2;5;5;0
20h:57m:42s;7;7;0;4;4;0
21h:57m:41s;6;5;1;3;3;0
22h:57m:41s;5;5;0;3;3;0
23h:57m:50s;5;2;3;3;0;3
