00h:57m:39s;17;16;1;3;3;0
01h:57m:38s;11;11;0;3;3;0
02h:57m:36s;1;1;0;0;0;0
03h:57m:39s;0;0;0;0;0;0
04h:57m:37s;0;0;0;0;0;0
05h:57m:41s;0;0;0;0;0;0
06h:57m:38s;0;0;0;0;0;0
07h:57m:42s;6;6;1;1;1;0
08h:57m:42s;62;63;0;9;10;0
09h:57m:40s;219;214;6;105;100;4
10h:57m:41s;287;270;14;149;139;10
11h:57m:40s;252;247;4;124;121;3
12h:57m:39s;253;252;2;122;121;1
13h:57m:43s;294;282;9;140;140;2
14h:57m:40s;390;380;11;227;224;3
15h:57m:41s;401;396;6;257;253;4
16h:57m:43s;386;375;11;252;240;12
17h:57m:38s;257;225;31;137;115;22
18h:57m:42s;130;115;15;49;39;10
19h:57m:41s;62;61;1;22;21;1
20h:57m:40s;32;31;1;12;11;1
21h:57m:38s;29;27;2;9;9;0
22h:57m:42s;26;25;1;7;6;1
23h:57m:41s;17;15;2;5;5;0
