00h:57m:41s;1;1;0;0;0;0
01h:57m:35s;1;1;0;0;0;0
02h:57m:39s;1;1;0;0;0;0
03h:57m:37s;1;1;0;0;0;0
04h:57m:38s;1;1;0;0;0;0
05h:57m:42s;0;0;0;0;0;0
06h:57m:44s;0;0;0;0;0;0
07h:57m:40s;4;3;1;1;1;0
08h:57m:41s;49;46;3;8;8;0
09h:57m:35s;111;108;3;56;55;1
10h:57m:35s;192;185;7;118;117;1
11h:57m:41s;245;238;7;168;161;7
12h:57m:39s;294;289;1;204;203;1
13h:57m:41s;287;282;4;200;196;4
14h:57m:40s;313;307;6;219;217;3
15h:57m:42s;307;304;3;239;238;1
16h:57m:41s;298;284;14;236;222;14
17h:57m:40s;167;142;26;112;87;25
18h:57m:40s;70;54;15;36;27;9
19h:57m:40s;34;32;2;19;17;2
20h:57m:39s;29;28;1;18;17;1
21h:57m:34s;26;26;0;16;16;0
22h:57m:41s;20;18;2;13;11;2
23h:57m:39s;16;15;1;9;9;0
