00h:57m:41s;1;1;0;0;0;0
01h:57m:37s;1;1;0;0;0;0
02h:57m:36s;0;0;0;0;0;0
03h:57m:36s;0;0;0;0;0;0
04h:57m:38s;0;0;0;0;0;0
05h:57m:40s;1;1;0;0;0;0
06h:57m:42s;0;0;0;0;0;0
07h:57m:51s;5;4;1;0;0;0
08h:57m:41s;57;56;0;9;9;0
09h:57m:40s;135;132;4;59;59;2
10h:57m:38s;231;227;4;128;126;2
11h:57m:39s;290;285;4;170;166;5
12h:57m:38s;347;339;7;208;204;5
13h:57m:39s;341;332;9;206;203;3
14h:57m:41s;356;346;10;227;223;3
15h:57m:41s;334;331;6;242;236;6
16h:57m:41s;319;313;6;222;217;5
17h:57m:39s;212;189;24;124;105;18
18h:57m:41s;99;86;14;38;33;5
19h:57m:42s;56;53;3;22;20;2
20h:57m:39s;43;42;1;15;15;0
21h:57m:35s;33;33;0;11;11;0
22h:57m:43s;29;29;0;10;10;0
23h:57m:40s;25;24;1;10;10;0
