00h:57m:41s;20;18;2;10;10;0
01h:57m:40s;9;8;1;5;4;1
02h:57m:36s;0;0;0;0;0;0
03h:57m:34s;0;0;0;0;0;0
04h:57m:37s;1;1;0;0;0;0
07h:57m:42s;7;6;1;2;2;0
08h:57m:42s;75;76;0;19;19;0
09h:57m:40s;166;165;2;81;81;0
10h:57m:39s;259;253;6;152;147;5
11h:57m:38s;310;306;4;182;180;4
12h:57m:41s;338;326;13;203;194;10
13h:57m:43s;331;327;5;193;191;2
14h:57m:38s;334;318;15;208;201;6
15h:57m:41s;304;296;9;213;208;5
16h:57m:38s;294;282;13;200;185;15
17h:57m:41s;195;172;22;110;88;22
18h:57m:41s;94;84;10;33;28;5
19h:57m:38s;64;60;4;29;29;1
20h:57m:41s;48;47;1;23;23;0
21h:57m:41s;39;39;0;19;19;0
22h:57m:39s;32;28;3;15;14;1
23h:57m:37s;28;28;0;14;14;0
