00h:57m:39s;26;26;0;14;14;0
01h:57m:38s;10;10;0;4;4;0
02h:57m:39s;0;0;0;0;0;0
03h:57m:38s;0;0;0;0;0;0
04h:57m:38s;0;0;0;0;0;0
05h:57m:42s;0;0;0;0;0;0
06h:57m:39s;2;2;0;1;1;0
07h:57m:39s;7;6;1;1;1;0
08h:57m:43s;68;69;0;14;14;0
09h:57m:40s;181;180;3;91;90;2
10h:57m:39s;260;257;4;155;152;3
11h:57m:41s;306;298;8;174;171;3
12h:57m:42s;350;340;9;201;193;8
13h:57m:44s;366;356;11;195;185;10
14h:57m:39s;370;357;13;212;210;3
15h:57m:39s;345;339;5;218;212;6
16h:57m:40s;334;321;14;206;197;9
17h:57m:41s;249;218;31;123;101;22
18h:57m:37s;126;112;14;48;44;4
19h:57m:41s;77;70;7;35;32;3
20h:57m:39s;58;58;0;25;25;0
21h:57m:40s;42;41;1;13;12;0
22h:57m:39s;33;31;1;6;6;0
23h:57m:42s;24;23;1;5;5;0
