00h:57m:41s;3;3;0;2;2;0
01h:57m:38s;2;2;0;1;1;0
02h:57m:37s;0;0;0;0;0;0
03h:57m:38s;0;0;0;0;0;0
04h:57m:39s;0;0;0;0;0;0
05h:57m:42s;0;0;0;0;0;0
06h:57m:38s;0;0;0;0;0;0
07h:57m:41s;1;1;0;0;0;0
08h:57m:41s;1;1;0;0;0;0
09h:57m:38s;4;4;0;2;2;0
10h:57m:38s;4;4;0;3;3;0
11h:57m:39s;8;8;0;6;6;0
12h:57m:35s;12;11;1;7;7;0
13h:57m:40s;8;8;0;4;4;0
14h:57m:40s;9;9;0;4;4;0
15h:57m:42s;8;7;1;4;4;0
16h:57m:37s;8;8;0;4;4;0
17h:57m:41s;7;7;0;3;3;0
18h:57m:42s;9;8;1;4;4;0
19h:57m:42s;4;3;1;1;1;0
20h:57m:42s;2;2;0;1;1;0
21h:57m:38s;2;2;0;0;0;0
22h:57m:42s;1;1;0;0;0;0
23h:57m:48s;2;2;0;0;0;0
