00h:57m:42s;24;24;0;5;5;0
01h:57m:41s;6;6;0;0;0;0
02h:57m:48s;1;1;0;0;0;0
03h:57m:44s;1;1;0;0;0;0
04h:57m:39s;1;1;0;0;0;0
05h:57m:42s;1;1;0;0;0;0
06h:57m:40s;4;3;1;1;1;0
07h:57m:43s;10;10;1;1;1;0
08h:57m:43s;85;84;0;18;18;0
09h:57m:38s;187;186;1;83;82;2
10h:57m:42s;266;263;2;141;141;0
11h:57m:42s;299;292;8;169;162;8
12h:57m:41s;340;333;7;194;187;8
13h:57m:43s;311;304;8;171;167;4
14h:57m:43s;265;251;16;177;170;7
15h:57m:43s;204;194;10;183;176;6
16h:57m:42s;185;175;5;165;154;11
17h:57m:43s;99;88;11;87;77;9
18h:57m:42s;56;49;7;46;39;7
19h:57m:49s;31;27;4;24;20;4
20h:57m:42s;21;20;1;17;16;1
21h:57m:41s;16;14;2;13;11;2
22h:57m:43s;4;4;0;3;3;0
23h:57m:41s;1;1;0;1;1;0
