00h:57m:40s;81;79;2;64;64;0
01h:57m:40s;88;88;0;82;82;0
02h:57m:40s;8;8;0;7;7;0
03h:57m:41s;8;8;0;7;7;0
04h:57m:40s;7;7;0;7;7;0
05h:57m:40s;7;7;0;7;7;0
06h:57m:42s;17;17;0;17;17;0
07h:57m:42s;47;45;2;35;35;0
08h:57m:40s;127;125;3;47;47;0
09h:57m:42s;217;218;1;100;100;0
10h:57m:41s;323;316;6;166;162;5
11h:57m:41s;369;365;5;199;195;3
12h:57m:40s;410;405;5;226;222;4
13h:57m:44s;423;408;16;237;224;14
14h:57m:41s;321;304;17;187;185;3
15h:57m:42s;256;238;19;205;194;11
16h:57m:41s;213;203;10;174;164;9
17h:57m:42s;127;103;23;89;68;22
18h:57m:40s;50;41;9;30;24;6
19h:57m:48s;29;29;0;16;15;1
20h:57m:41s;24;21;3;14;12;2
21h:57m:42s;19;19;0;11;11;0
22h:57m:42s;13;12;1;4;4;0
23h:57m:42s;8;8;0;1;1;0
