00h:57m:42s;16;16;0;2;2;0
01h:57m:33s;7;4;3;0;0;0
02h:57m:36s;2;2;0;0;0;0
03h:57m:39s;2;2;0;0;0;0
04h:57m:36s;0;0;0;0;0;0
05h:57m:41s;0;0;0;0;0;0
06h:57m:39s;1;1;0;1;1;0
07h:57m:41s;23;22;1;11;11;0
08h:57m:43s;108;107;1;19;18;1
09h:57m:41s;189;187;4;69;68;2
10h:57m:40s;268;259;9;132;126;6
11h:57m:42s;314;308;4;168;162;6
12h:57m:38s;335;327;8;171;164;7
13h:57m:42s;330;322;9;158;153;4
14h:57m:40s;263;243;20;162;158;4
15h:57m:38s;189;178;10;157;147;10
16h:57m:42s;165;151;14;138;126;12
17h:57m:41s;98;80;18;72;55;17
18h:57m:40s;56;52;4;35;32;3
19h:57m:40s;41;36;5;22;22;0
20h:57m:38s;28;26;2;19;19;0
21h:57m:40s;17;17;0;14;14;0
22h:57m:40s;15;15;0;12;12;0
23h:57m:42s;8;7;1;4;3;1
