00h:57m:42s;130;130;0;124;124;0
01h:57m:36s;81;81;0;80;80;0
02h:57m:40s;2;2;0;0;0;0
03h:57m:40s;2;2;0;0;0;0
04h:57m:38s;2;2;0;0;0;0
06h:57m:42s;12;12;0;10;10;0
07h:57m:41s;21;21;0;15;15;0
08h:57m:42s;88;88;0;28;28;0
09h:57m:44s;192;190;2;87;87;3
10h:57m:41s;307;300;9;165;157;8
11h:57m:40s;369;369;1;195;194;1
12h:57m:39s;427;420;5;226;224;3
13h:57m:38s;167;164;2;50;48;2
14h:57m:41s;269;268;3;140;140;1
15h:57m:38s;327;317;10;187;178;9
16h:57m:37s;352;334;17;192;179;14
17h:57m:39s;251;225;26;103;87;15
18h:57m:40s;117;109;8;30;26;3
19h:57m:38s;67;64;3;16;14;2
20h:57m:40s;48;47;1;11;10;1
21h:57m:40s;41;41;0;10;10;0
22h:57m:39s;33;31;2;8;6;2
23h:57m:38s;37;35;2;15;13;2
