00h:57m:39s;9;8;1;3;3;0
01h:57m:39s;1;1;0;1;1;0
02h:57m:38s;0;0;0;0;0;0
03h:57m:38s;0;0;0;0;0;0
04h:57m:37s;0;0;0;0;0;0
05h:57m:32s;0;0;0;0;0;0
06h:57m:37s;2;2;0;2;2;0
07h:57m:40s;9;7;2;1;1;0
08h:57m:42s;79;79;0;17;17;0
09h:57m:40s;166;165;1;76;75;1
10h:57m:38s;261;258;3;144;144;1
11h:57m:40s;316;315;1;190;188;1
12h:57m:40s;356;350;5;204;200;4
13h:57m:43s;348;339;8;186;181;5
14h:57m:38s;304;286;18;204;202;2
15h:57m:42s;308;303;6;279;277;2
16h:57m:39s;258;248;10;235;225;10
17h:57m:42s;169;94;74;145;70;75
18h:57m:40s;43;35;8;27;19;8
19h:57m:41s;25;25;0;12;12;0
20h:57m:42s;19;15;4;11;9;2
21h:57m:40s;11;11;0;7;7;0
22h:57m:41s;5;5;0;3;3;0
23h:57m:37s;4;4;0;3;3;0
