00h:57m:40s;3;3;0;3;3;0
01h:57m:39s;1;1;0;1;1;0
02h:57m:37s;0;0;0;0;0;0
03h:57m:38s;0;0;0;0;0;0
04h:57m:35s;1;1;0;0;0;0
06h:57m:39s;0;0;0;0;0;0
07h:57m:42s;3;3;0;0;0;0
08h:57m:43s;57;56;1;9;9;0
09h:57m:40s;170;166;4;82;79;3
10h:57m:39s;260;253;9;158;153;7
11h:57m:42s;305;301;4;192;190;2
12h:57m:41s;345;339;5;212;207;5
13h:57m:42s;363;362;2;208;206;2
14h:57m:40s;385;373;13;230;226;5
15h:57m:39s;378;371;8;254;248;6
16h:57m:41s;356;343;13;232;221;11
17h:57m:42s;237;215;23;130;112;16
18h:57m:42s;110;102;8;49;44;5
19h:57m:39s;70;67;3;27;26;1
20h:57m:40s;51;50;1;19;18;1
21h:57m:39s;43;43;0;15;15;0
22h:57m:35s;35;35;0;8;8;0
23h:57m:41s;26;25;1;3;3;0
