00h:57m:39s;23;22;1;9;9;0
01h:57m:36s;8;6;2;2;2;0
02h:57m:38s;0;0;0;0;0;0
03h:57m:40s;0;0;0;0;0;0
04h:57m:39s;0;0;0;0;0;0
06h:57m:41s;8;6;2;7;5;2
07h:57m:42s;18;17;0;14;14;0
08h:57m:42s;90;90;0;29;29;0
09h:57m:40s;198;198;1;84;83;1
10h:57m:41s;307;308;0;175;175;0
11h:57m:40s;377;366;10;218;210;7
12h:57m:41s;418;408;10;225;220;4
13h:57m:44s;425;423;2;230;228;2
14h:57m:40s;436;419;17;244;229;15
15h:57m:43s;428;417;11;249;239;10
16h:57m:41s;432;426;6;248;242;5
17h:57m:41s;325;296;31;151;128;24
18h:57m:41s;151;137;13;51;43;8
19h:57m:43s;87;85;2;29;29;0
20h:57m:42s;66;63;3;22;20;2
21h:57m:41s;54;52;2;16;14;2
22h:57m:41s;55;55;0;17;17;0
23h:57m:41s;48;44;4;9;9;0
