00h:57m:42s;0;0;0;0;0;0
01h:57m:41s;0;0;0;0;0;0
02h:57m:41s;1;1;0;0;0;0
03h:57m:42s;1;1;0;0;0;0
04h:57m:41s;0;0;0;0;0;0
05h:57m:40s;0;0;0;0;0;0
06h:57m:40s;0;0;0;0;0;0
07h:57m:40s;7;7;0;1;1;0
08h:57m:41s;17;17;0;2;2;0
09h:57m:40s;10;10;0;1;1;0
10h:57m:39s;15;14;1;9;9;0
11h:57m:39s;17;17;0;12;12;0
12h:57m:40s;18;18;0;13;13;0
13h:57m:40s;18;18;0;13;13;0
14h:57m:38s;14;14;0;10;10;0
15h:57m:40s;13;11;2;11;11;0
16h:57m:38s;10;10;0;10;10;0
17h:57m:40s;11;11;0;10;10;0
18h:57m:41s;7;7;0;6;6;0
19h:57m:39s;4;4;0;3;3;0
20h:57m:39s;4;4;0;3;3;0
21h:57m:40s;2;2;0;2;2;0
22h:57m:40s;1;1;0;1;1;0
23h:57m:47s;1;1;0;1;1;0
