00h:57m:42s;5;5;0;0;0;0
01h:57m:41s;0;0;0;0;0;0
02h:57m:40s;0;0;0;0;0;0
03h:57m:40s;0;0;0;0;0;0
04h:57m:39s;0;0;0;0;0;0
05h:57m:42s;1;1;0;0;0;0
06h:57m:40s;20;20;0;17;17;0
07h:57m:42s;27;27;0;24;24;0
08h:57m:44s;89;88;1;35;35;0
09h:57m:40s;203;200;1;98;98;1
10h:57m:43s;309;307;4;179;177;2
11h:57m:39s;399;391;7;241;236;3
12h:57m:38s;457;457;1;277;276;0
13h:57m:41s;444;438;7;258;253;5
14h:57m:43s;434;421;14;259;252;8
15h:57m:42s;434;430;3;271;267;5
16h:57m:43s;429;419;13;257;249;8
17h:57m:43s;322;290;34;163;138;23
18h:57m:41s;166;150;16;55;42;12
19h:57m:41s;67;64;4;19;19;0
20h:57m:42s;43;39;4;13;10;3
21h:57m:45s;27;25;2;8;6;2
22h:57m:38s;23;23;1;5;4;1
23h:57m:43s;16;16;0;0;0;0
